P2242 0.01344 1990.47 720.664 1990.749 692.988 1965.183 692.73 1964.905 720.407
P1122 0.00103 588.02 1056.609 582.287 834.521 318.295 841.335 324.027 1063.423
P0170 0.00482 1959.164 908.996 1968.665 861.215 1939.923 855.5 1930.422 903.281
P2701 0.10638 1806.948 2038.409 1832.39 1964.284 1786.207 1948.432 1760.764 2022.556
P2236 0.08896 1132.622 485.155 1132.138 453.126 1094.929 453.688 1095.413 485.717
P2214 0.00122 839.488 365.248 849.153 322.508 816.893 315.212 807.227 357.953
P2220 0.00756 839.485 661.638 851.024 654.135 840.908 638.577 829.369 646.079
P2220 0.00571 501.07 314.477 506.166 295.833 461.28 283.565 456.184 302.209
P2220 0.00311 858.066 644.209 872.955 632.51 859.857 615.839 844.968 627.537
P2220 0.00273 847.211 589.044 859.604 579.22 845.193 561.042 832.8 570.867
P2220 0.00173 416.944 250.106 432.299 244.339 419.606 210.55 404.252 216.317
P2220 0.00155 837.118 662.457 846.687 656.624 837.599 641.717 828.031 647.55
P2220 0.0011 794.052 660.34 803.63 651.398 792.139 639.091 782.561 648.033
P2771 0.00334 1741.651 911.036 1744.138 890.212 1720.125 887.344 1717.638 908.168
P2771 0.00133 2374.947 322.183 2378.289 294.043 2347.74 290.415 2344.397 318.554
P0168 0.17671 1636.988 1274.548 1644.089 1241.012 1602.274 1232.159 1595.173 1265.694
P0168 0.13101 1647.737 1245.054 1653.834 1215.145 1612.13 1206.643 1606.033 1236.552
P0168 0.06883 1666.551 1182.689 1671.928 1147.16 1629.16 1140.688 1623.783 1176.216
P0168 0.01894 1629.149 1373.028 1635.306 1343.808 1589.194 1334.091 1583.037 1363.311
P0168 0.01019 1651.91 1217.837 1655.602 1191.778 1620.778 1186.843 1617.085 1212.903
P0168 0.00418 1669.615 1129.324 1674.865 1086.016 1623.673 1079.809 1618.422 1123.117
P0168 0.00385 1658.843 1210.768 1662.027 1185.691 1624.394 1180.912 1621.21 1205.989
P0168 0.00193 1705.357 1002.794 1709.141 958.251 1659.327 954.02 1655.544 998.562
P0168 0.0018 1265.007 1301.669 1271.169 1266.68 1242.966 1261.713 1236.805 1296.703
P0168 0.00127 579.838 1131.536 582.89 1110.297 555.593 1106.375 552.541 1127.614
P0168 0.00102 1628.618 1333.748 1632.362 1310.102 1587.256 1302.96 1583.512 1326.606
P0168 0.00101 1578.895 471.673 1583.149 431.939 1544.379 427.789 1540.125 467.523
P2181 0.00325 932.239 1705.619 935.816 1685.12 908.129 1680.288 904.552 1700.787
P2181 0.00167 828.07 1800.783 840.216 1772.249 813.977 1761.08 801.831 1789.614
P0194 0.00149 964.902 441.133 967.978 405.861 940.397 403.456 937.321 438.728
P0173 0.35307 418.451 276.791 475.996 184.782 373.13 120.445 315.584 212.454
P0173 0.00723 621.343 388.064 667.51 348.332 639.432 315.706 593.265 355.439
P0173 0.00189 612.154 376.47 655.341 340.459 632.974 313.635 589.787 349.646
P2218 0.00731 877.312 266.327 889.931 251.72 879.901 243.055 867.281 257.662
P0213 0.0025 697.979 358.238 710.026 330.487 675.406 315.458 663.359 343.209
P2802 0.0058 3139.443 3494.952 3144.733 3419.528 3064.262 3413.884 3058.972 3489.308
P2802 0.00161 3232.541 3475.692 3233.651 3414.041 3176.63 3413.014 3175.52 3474.665
P1156 0.00212 2586.201 895.902 2685.848 787.463 2531.206 645.36 2431.559 753.8
P2733 0.00169 2689.342 1707.455 2735.69 1643.368 2718.677 1631.064 2672.328 1695.151
P1154 0.00917 455.793 3475.161 552.452 3291.682 360.836 3190.736 264.177 3374.215
P1154 0.00204 3528.786 247.314 3546.344 140.62 3458.539 126.17 3440.98 232.864
P1154 0.00129 3404.11 127.6 3419.72 76.098 3360.609 58.18 3344.998 109.682
P1154 0.00124 1232.024 177.693 1276.807 102.373 1157.249 31.287 1112.466 106.606
P1154 0.00103 2772.925 1419.654 2881.762 1301.417 2715.075 1147.982 2606.238 1266.22
P1541 0.00136 3232.664 816.163 3224.812 785.781 3186.905 795.578 3194.757 825.96
P1610 0.00231 4009.965 4012.923 4016.045 3914.824 3925.102 3909.187 3919.022 4007.286
P1332 0.00208 1753.563 1874.939 1762.344 1847.798 1720.175 1834.155 1711.394 1861.296
P1210 0.02325 1539.568 4013.873 1548.92 3961.822 1502.378 3953.461 1493.027 4005.512
P1210 0.00395 1460.053 3865.945 1486.733 3794.886 1426.834 3772.396 1400.154 3843.455
P1210 0.00164 2214.763 600.352 2227.54 551.343 2171.148 536.641 2158.371 585.651
P1210 0.00156 1731.894 4021.716 1750.518 3932.318 1668.133 3915.156 1649.509 4004.554
P1210 0.00147 1554.022 3947.804 1568.192 3885.645 1528.167 3876.52 1513.997 3938.679
P1210 0.0012 1689.955 3800.121 1720.521 3739.27 1690.709 3724.296 1660.143 3785.146
P1240 0.00613 1032.087 885.903 1049.517 853.119 1018.34 836.544 1000.91 869.328
P1240 0.004 1082.228 444.323 1117.409 391.448 1080.999 367.222 1045.818 420.097
P1240 0.00113 968.41 361.914 1019.859 299.543 975.191 262.697 923.742 325.068
P0161 0.00564 1149.069 1138.827 1148.531 1105.459 1122.593 1105.877 1123.132 1139.246
P0161 0.00235 1109.778 1072.688 1109.893 1042.866 1082.768 1042.762 1082.654 1072.584
P0161 0.00227 1069.174 1076.502 1069.84 1049.704 1047.971 1049.161 1047.305 1075.959
P0161 0.00169 1125.781 1072.671 1126.158 1039.257 1096.722 1038.925 1096.345 1072.339
P0161 0.00112 1139.369 1141.275 1141.408 1107.6 1115.482 1106.031 1113.444 1139.705
P1178 0.00225 1635.047 412.896 1644.753 361.212 1614.654 355.56 1604.948 407.243
P1178 0.00204 1673.359 1156.942 1681.03 1098.443 1557.182 1082.203 1549.51 1140.701
P1178 0.00192 2660.812 3164.965 2667.297 3135.032 2635.882 3128.225 2629.396 3158.158
P1178 0.00158 1511.624 399.93 1521.3 314.251 1455.405 306.81 1445.729 392.488
P1178 0.00111 1639.23 456.127 1649.439 409.712 1623.459 403.998 1613.25 450.413
P1178 0.00103 2282.388 3159.043 2292.022 3106.634 2249.56 3098.828 2239.925 3151.238
P2754 0.00222 647.926 2651.427 654.855 2625.162 628.878 2618.309 621.949 2644.574
P1376 0.00231 1913.672 3129.639 1992.863 3040.746 1954.335 3006.423 1875.144 3095.316
P1376 0.00205 1863.933 2507.682 1882.452 2435.039 1824.88 2420.362 1806.361 2493.004
P1376 0.00158 1936.731 3052.243 1980.141 2990.016 1912.164 2942.594 1868.753 3004.822
P1376 0.0012 1847.875 2997.964 1919.636 2919.989 1821.906 2830.047 1750.145 2908.021
P1483 0.89158 1061.996 1540.373 1064.682 1398.958 934.649 1396.489 931.964 1537.904
P1483 0.66271 811.823 1552.152 818.142 1413.04 678.846 1406.713 672.527 1545.824
P1483 0.0014 1069.536 468.201 1072.585 249.123 855.997 246.108 852.948 465.186
P2215 0.01089 621.283 309.4 658.301 265.981 611.043 225.69 574.025 269.11
P2791 0.00183 4691.813 4474.691 4734.029 4391.193 4635.979 4341.62 4593.763 4425.118
P1583 0.00221 1230.512 4054.323 1258.844 4045.832 1242.769 3992.193 1214.437 4000.685
P2231 0.05074 606.922 917.07 612.75 834.911 526.713 828.808 520.886 910.967
P2231 0.00206 890.703 1565.66 902.434 1539.884 880.886 1530.078 869.155 1555.853
P2231 0.00162 1158.653 1276.431 1160.297 1245.415 1133.172 1243.977 1131.528 1274.994
P2231 0.00147 610.9 922.669 615.463 894.098 594.797 890.798 590.235 919.369
P2231 0.00133 631.033 901.793 639.759 876.915 620.052 870.003 611.326 894.881
P0841 0.00186 2383.408 377.326 2390.93 356.199 2363.053 346.275 2355.532 367.402
P0841 0.00179 1762.708 30.813 1771.054 7.687 1741.392 -3.017 1733.047 20.11
P2408 0.00874 375.096 2189.291 377.045 2178.762 353.678 2174.437 351.73 2184.966
P1149 0.95066 2662.42 649.063 2776.927 525.098 2638.115 396.878 2523.609 520.844
P1149 0.94038 1598.335 1574.951 1651.159 1398.316 1467.183 1343.297 1414.36 1519.932
P1149 0.93433 2454.159 834.301 2581.572 723.995 2445.874 567.254 2318.462 677.561
P1149 0.92677 1249.397 2370.495 1256.688 2195.783 1062.968 2187.699 1055.677 2362.411
P1149 0.92542 2074.821 1178.05 2184.257 1070.83 2055.125 939.03 1945.689 1046.25
P1149 0.92055 1630.041 3930.567 1650.036 3730.185 1452.441 3710.468 1432.446 3910.85
P1149 0.92043 1811.404 1362.261 1936.197 1240.825 1794.619 1095.332 1669.826 1216.768
P1149 0.90622 2234.858 988.272 2335.967 892.257 2223.427 773.747 2122.319 869.762
P1149 0.89655 1534.406 3609.726 1543.616 3321.067 1245.53 3311.557 1236.32 3600.216
P1149 0.85785 1343.192 1824.128 1365.46 1681.897 1217.979 1658.807 1195.711 1801.038
P1149 0.66697 1220.587 2174.234 1223.527 2050.343 1105.775 2047.549 1102.835 2171.439
P1149 0.19552 1213.309 2012.317 1215.674 1888.558 1099.805 1886.344 1097.44 2010.103
P1149 0.19217 3122.441 214.924 3176.261 31.254 2989.396 -23.502 2935.576 160.168
P1149 0.12291 1360.48 2891.617 1358.984 2765.614 1216.616 2767.304 1218.112 2893.307
P1149 0.00216 1220.292 2151.219 1224.307 1987.739 1097.069 1984.613 1093.054 2148.093
P1149 0.00184 3171.449 1267.198 3409.963 227.957 2980.504 129.393 2741.99 1168.635
P1149 0.00183 698.002 1929.603 737.594 1874.615 613.624 1785.352 574.031 1840.339
P1149 0.00132 2624.727 705.996 2638.133 557.314 2511.183 545.868 2497.777 694.549
P1147 0.00756 1947.886 1946.226 1930.144 1870.539 1828.905 1894.272 1846.648 1969.958
P1147 0.00538 2056.86 1773.495 2177.286 1664.998 2102.318 1581.788 1981.893 1690.286
P1147 0.00367 3544.319 6433.447 3555.051 6299.08 3428.69 6288.987 3417.958 6423.354
P1147 0.00114 2217.834 5524.812 2255.035 5452.112 2146.247 5396.446 2109.047 5469.146
P0257 0.00142 385.303 25.929 384.317 -7.481 302.854 -5.078 303.84 28.333
P0257 0.0014 1065.779 1199.493 1080.712 1186.089 1068.39 1172.361 1053.457 1185.765
P1398 0.00114 3909.69 5524.236 3949.749 5353.665 3814.042 5321.793 3773.983 5492.365
P0249 0.01213 811.715 1390.775 812.422 1371.057 782.874 1369.997 782.167 1389.715
P0249 0.00327 746.322 931.264 750.079 908.797 730.073 905.451 726.316 927.918
P0249 0.0026 991.69 1053.186 995.486 1030.975 960.22 1024.948 956.424 1047.159
P0249 0.00157 846.096 1377.886 848.287 1362.116 829.208 1359.466 827.018 1375.236
P0249 0.00148 1006.192 1044.918 1011.865 1026.94 976.856 1015.893 971.183 1033.871
P0249 0.0014 940.212 993.081 942.059 973.114 923.476 971.394 921.628 991.361
P0249 0.00132 1007.327 1044.246 1024.957 1010.594 979.627 986.847 961.998 1020.5
P0249 0.0012 997.512 1013.677 1008.277 998.598 984.969 981.958 974.204 997.036
P0249 0.00102 1019.032 928.326 1010.397 902.284 997.717 906.488 1006.352 932.531
P1492 0.01245 47.94 533.977 167.663 527.841 165.615 487.878 45.892 494.013
P1492 0.00389 56.876 554.279 166.808 515.346 144.868 453.393 34.935 492.325
P1508 0.93193 988.58 2441.205 1069.057 2404.873 1019.636 2295.402 939.159 2331.733
P1508 0.90468 1016.143 2864.513 1091.872 2836.355 1048.427 2719.513 972.698 2747.671
P1508 0.88879 1256.008 2412.107 1281.642 2304.901 1193.589 2283.847 1167.956 2391.052
P1508 0.87636 634.198 1019.218 705.656 992.142 658.043 866.486 586.585 893.562
P1508 0.87146 1114.402 988.785 1119.366 884.466 1039.304 880.657 1034.34 984.976
P1508 0.86675 720.044 1505.322 727.902 1386.256 642.429 1380.615 634.571 1499.681
P1508 0.82217 1112.134 2002.368 1128.551 1901.369 1058.921 1890.051 1042.503 1991.05
P1508 0.7779 1280.575 2844.945 1289.626 2738.655 1198.263 2730.875 1189.212 2837.165
P1508 0.72708 1335.243 2000.334 1340.818 1894.414 1265.573 1890.454 1259.997 1996.373
P1508 0.70022 863.414 1001.908 921.878 946.678 850.196 870.8 791.733 926.031
P1508 0.31931 1126.192 1498.781 1125.047 1389.053 1057.737 1389.756 1058.883 1499.483
P1508 0.26231 462.982 614.223 595.622 585.201 547.935 367.254 415.295 396.276
P1508 0.15531 455.224 2033.994 459.417 1925.378 397.197 1922.976 393.003 2031.592
P1508 0.1302 920.702 933.467 944.362 884.952 882.45 854.757 858.789 903.272
P1508 0.1087 669.518 530.123 673.743 472.488 608.934 467.737 604.709 525.372
P1508 0.05526 1082.463 1524.148 1089.093 1448.376 1033.872 1443.544 1027.242 1519.317
P1508 0.00159 906.214 955.428 932.013 871.604 854.829 847.847 829.029 931.672
P1508 0.00129 755.544 419.761 754.999 377.65 686.33 378.54 686.876 420.651
P1508 0.0012 1173.771 386.79 1169.823 357.306 1088.092 368.25 1092.04 397.734
P1508 0.00116 591.402 498.194 626.017 406.506 438.77 335.813 404.154 427.501
