P0936 0.00115 3245.929 231.256 3248.512 200.338 3185.318 195.059 3182.735 225.977
P0953 0.00127 2976.186 423.515 2977.382 273.511 2906.571 272.946 2905.375 422.95
P2085 0.96109 597.972 314.231 623.419 106.968 498.157 91.588 472.709 298.851
P2085 0.95656 964.346 353.83 985.822 141.442 857.09 128.425 835.614 340.813
P2085 0.95297 751.0 330.997 773.017 120.579 646.922 107.385 624.904 317.802
P2085 0.0051 1216.618 566.773 1215.176 286.455 974.765 287.692 976.207 568.01
P2085 0.00111 1217.505 607.404 1219.61 576.039 1098.297 567.896 1096.192 599.26
P2714 0.00874 2586.399 1168.611 2591.297 1113.42 2556.932 1110.37 2552.034 1165.561
P2689 0.00323 2896.47 1269.57 2939.847 1230.029 2877.815 1161.978 2834.438 1201.518
P2168 0.92925 1948.919 866.479 1950.722 765.995 1886.411 764.84 1884.608 865.325
P2168 0.90669 1871.566 967.889 1875.392 874.846 1816.726 872.434 1812.9 965.476
P2168 0.78737 1876.476 861.083 1879.222 770.76 1822.303 769.03 1819.557 859.353
P2168 0.75565 1942.074 965.645 1945.81 872.024 1888.111 869.722 1884.376 963.343
P2168 0.57592 1017.784 982.979 1019.669 938.908 928.994 935.027 927.108 979.099
P2168 0.40573 1112.277 991.025 1117.294 939.459 1051.6 933.068 1046.583 984.635
P2168 0.39625 1160.941 1015.539 1164.735 938.625 1121.569 936.495 1117.775 1013.41
P2168 0.06404 1991.06 969.068 1995.431 885.73 1955.246 883.622 1950.875 966.961
P2168 0.04135 1806.594 977.373 1810.2 882.048 1757.376 880.049 1753.769 975.374
P2168 0.02317 1541.908 796.616 1545.168 726.488 1490.48 723.945 1487.22 794.073
P2168 0.02314 1154.997 1014.866 1161.447 941.329 1100.232 935.959 1093.782 1009.496
P2168 0.01892 1763.096 814.987 1764.793 758.496 1684.856 756.094 1683.159 812.585
P2168 0.0158 1997.922 888.963 2005.02 779.84 1961.457 777.006 1954.359 886.129
P2168 0.00748 1011.059 1020.994 1011.979 995.961 948.679 993.634 947.759 1018.667
P2168 0.00678 984.148 879.974 984.291 815.332 942.191 815.239 942.048 879.881
P2168 0.00275 1480.819 792.096 1485.249 707.057 1433.628 704.368 1429.198 789.407
P2168 0.00165 614.669 894.591 618.558 803.516 574.255 801.624 570.366 892.699
P2168 0.00114 506.407 893.959 510.759 802.258 472.848 800.459 468.497 892.159
P2758 0.00407 2795.164 154.149 2826.902 64.088 2759.286 40.26 2727.547 130.321
P2331 0.01622 1701.672 615.973 1700.777 570.212 1673.892 570.738 1674.787 616.499
P2331 0.0113 1744.672 1837.358 1744.122 1789.901 1718.9 1790.193 1719.45 1837.65
P2331 0.01096 1672.996 617.458 1671.199 568.101 1641.889 569.168 1643.686 618.525
P2331 0.00506 353.461 153.424 383.716 123.324 365.206 104.719 334.951 134.818
P2331 0.00493 613.198 1188.45 616.725 1138.227 585.6 1136.041 582.073 1186.264
P2331 0.00473 1721.451 1835.357 1721.607 1789.203 1692.737 1789.105 1692.581 1835.259
P2331 0.00409 730.838 1191.019 733.344 1155.908 706.389 1153.984 703.883 1189.096
P2331 0.0031 1437.42 1144.249 1447.182 1116.379 1395.209 1098.177 1385.448 1126.046
P2331 0.00295 389.802 124.056 405.88 104.532 384.765 87.144 368.687 106.669
P2331 0.00193 1252.989 1806.942 1254.247 1769.087 1227.987 1768.215 1226.729 1806.07
P2331 0.00187 323.882 39.904 328.091 11.657 296.019 6.878 291.81 35.125
P2331 0.00183 676.807 1192.495 680.836 1138.206 632.976 1134.654 628.948 1188.943
P2331 0.00171 398.307 37.62 402.776 11.296 372.353 6.131 367.884 32.455
P2331 0.00151 775.857 1428.484 776.882 1387.204 750.332 1386.545 749.308 1427.826
P2331 0.00145 354.49 33.91 358.745 10.185 330.63 5.142 326.375 28.868
P2331 0.00145 1341.425 1711.322 1344.97 1639.641 1286.792 1636.764 1283.247 1708.444
P2331 0.00142 712.719 1194.048 718.129 1145.804 685.867 1142.186 680.457 1190.43
P2331 0.00131 1309.706 1672.194 1313.846 1605.888 1278.101 1603.656 1273.962 1669.962
P2331 0.00127 618.173 1231.555 618.878 1198.599 582.162 1197.813 581.457 1230.77
P2331 0.00118 1350.441 1703.199 1355.32 1615.116 1302.702 1612.202 1297.824 1700.285
P2331 0.00116 774.184 1217.948 775.496 1194.419 744.391 1192.686 743.08 1216.215
P2331 0.00105 399.717 75.889 413.904 43.113 387.679 31.762 373.492 64.538
P2563 0.00561 1158.324 545.859 1197.32 537.682 1180.689 458.366 1141.693 466.543
P2563 0.00326 1289.043 510.531 1327.672 503.942 1315.208 430.866 1276.578 437.455
P2563 0.0012 1207.943 531.409 1248.968 523.702 1233.678 442.31 1192.653 450.017
P0457 0.96142 920.173 480.655 1071.785 392.457 1017.7 299.485 866.088 387.683
P0457 0.95563 748.983 575.573 901.466 493.142 846.501 391.467 694.018 473.899
P0457 0.00125 1409.567 248.368 1405.297 98.148 1343.276 99.911 1347.546 250.131
P0491 0.11117 250.171 205.055 365.273 69.696 297.802 12.323 182.7 147.682
P0491 0.0127 176.85 144.33 257.507 46.358 216.654 12.725 135.997 110.696
P0491 0.00629 404.128 61.85 432.005 23.578 361.359 -27.879 333.482 10.393
P0491 0.00478 381.312 79.12 427.269 19.686 330.478 -55.157 284.521 4.277
P0491 0.00436 67.546 95.426 172.101 13.037 124.606 -47.236 20.051 35.153
P0491 0.00281 265.6 38.655 293.504 -2.815 240.759 -38.306 212.855 3.165
P0491 0.00251 340.437 110.314 402.268 18.444 313.865 -41.052 252.035 50.818
P0491 0.00223 100.955 117.548 213.285 11.077 142.552 -63.548 30.222 42.922
P1903 0.00181 57.137 1112.567 77.177 835.07 -1.996 829.352 -22.036 1106.85
P2745 0.00607 284.946 1884.754 288.188 1828.091 249.211 1825.861 245.969 1882.525
P2745 0.00326 278.006 1819.298 280.401 1776.733 249.956 1775.019 247.561 1817.584
P2745 0.00258 413.311 1875.411 416.424 1828.204 385.103 1826.139 381.991 1873.346
P2745 0.00218 146.225 105.859 157.698 67.478 128.777 58.833 117.304 97.214
P2745 0.00182 146.538 1908.407 146.797 1843.846 93.369 1843.631 93.109 1908.193
P2166 0.20175 417.09 297.372 420.653 186.519 365.373 184.742 361.81 295.595
P2166 0.01405 359.073 293.498 360.274 181.811 302.414 181.189 301.213 292.876
P2166 0.00118 311.53 302.881 313.708 178.985 208.38 177.133 206.201 301.029
P0833 0.96 561.171 329.191 655.64 250.922 514.597 80.688 420.128 158.957
P0833 0.95867 455.83 420.261 556.201 338.818 413.298 162.702 312.926 244.145
P0833 0.95851 332.409 477.103 428.066 393.81 303.818 251.119 208.16 334.412
P0833 0.95565 1205.825 614.117 1322.129 571.04 1247.058 368.358 1130.754 411.435
P0833 0.95441 1337.244 570.861 1449.15 530.513 1375.726 326.872 1263.82 367.22
P0833 0.94979 666.842 249.858 763.182 171.9 621.238 -3.514 524.898 74.444
P0833 0.94089 228.623 561.782 324.034 477.643 196.871 333.445 101.461 417.585
P0833 0.93396 1419.069 804.128 1529.099 762.767 1452.992 560.303 1342.963 601.664
P0833 0.75768 1215.272 328.838 1284.408 305.588 1237.678 166.637 1168.543 189.888
P0833 0.04378 1133.84 358.954 1206.402 334.832 1158.598 191.035 1086.036 215.158
P0833 0.03706 1295.66 307.372 1367.094 284.157 1319.601 138.016 1248.167 161.231
P0833 0.0018 1211.043 1332.439 1405.255 1146.545 1251.166 985.561 1056.954 1171.455
P2502 0.00282 439.093 671.538 495.734 585.907 455.442 559.256 398.801 644.887
P0815 0.03128 55.733 861.274 70.037 759.534 -20.197 746.848 -34.501 848.588
P2587 0.27126 1116.911 764.409 1155.168 638.687 1082.485 616.569 1044.227 742.291
P2587 0.0533 1035.713 732.865 1064.827 612.35 981.803 592.293 952.689 712.808
P2587 0.00536 952.518 718.11 984.875 593.442 898.322 570.979 865.966 695.646
P2587 0.00411 1108.277 767.513 1145.599 629.093 1031.79 598.407 994.468 736.827
P2587 0.00111 1297.322 2114.56 1299.242 2018.831 1030.457 2013.44 1028.537 2109.169
P1456 0.93711 760.214 1855.37 760.326 1659.319 640.05 1659.251 639.938 1855.301
P1456 0.9335 640.017 1858.938 639.686 1654.805 519.478 1654.999 519.809 1859.132
P1456 0.92741 874.197 1853.631 875.245 1652.599 766.317 1652.031 765.268 1853.063
P1456 0.92071 513.496 1861.066 513.81 1646.662 402.164 1646.499 401.85 1860.902
P1456 0.91773 1003.393 1856.389 1003.468 1661.437 890.893 1661.394 890.818 1856.346
P1456 0.91254 464.148 1253.802 462.264 1054.747 348.406 1055.825 350.291 1254.88
P1456 0.90998 393.386 1862.45 396.971 1652.835 275.523 1650.757 271.938 1860.372
P1456 0.90994 465.536 1015.22 462.92 790.993 344.376 792.376 346.991 1016.603
P1456 0.9053 461.581 1509.03 459.968 1292.614 344.003 1293.478 345.616 1509.894
P1456 0.39084 336.627 1231.3 341.106 1069.364 255.241 1066.99 250.762 1228.925
P1456 0.0879 339.552 1496.21 343.06 1302.857 257.656 1301.307 254.149 1494.661
P1456 0.02105 335.293 990.627 340.053 803.64 260.866 801.624 256.106 988.611
P2404 0.02494 1033.255 2625.757 1086.441 2555.041 952.226 2454.098 899.041 2524.814
P2404 0.00546 1090.114 2534.626 1127.157 2482.554 1027.264 2411.493 990.222 2463.565
P2197 0.01052 2091.687 1418.226 2097.336 1331.188 2053.22 1328.325 2047.571 1415.363
P2197 0.00655 2068.802 869.09 2077.365 780.357 2036.264 776.39 2027.701 865.124
P2197 0.00639 1904.642 1237.529 1906.765 1201.959 1829.314 1197.335 1827.191 1232.906
P2197 0.00279 1902.927 841.61 1912.32 758.678 1867.398 753.59 1858.005 836.522
P2197 0.0024 720.598 1619.806 721.83 1582.019 638.287 1579.297 637.056 1617.084
P2197 0.00198 2045.05 867.818 2053.068 766.504 2001.407 762.415 1993.389 863.73
P2197 0.00153 231.693 68.993 229.679 45.005 215.977 46.155 217.99 70.143
P2197 0.00132 724.366 1644.638 726.932 1596.945 645.043 1592.54 642.478 1640.233
P2197 0.00108 1854.458 1406.954 1859.26 1322.466 1815.114 1319.957 1810.312 1404.445
P1950 0.00107 246.813 587.472 252.012 517.389 118.866 507.513 113.668 577.596
P1506 0.01218 906.088 554.587 974.415 541.393 947.341 401.182 879.014 414.375
P1506 0.00323 135.673 1012.548 179.12 1003.295 157.188 900.315 113.742 909.568
P1506 0.00273 142.611 1090.12 164.637 909.395 29.912 892.975 7.886 1073.699
P1506 0.0017 774.957 552.818 840.723 541.266 818.646 415.581 752.881 427.132
P1506 0.00142 808.682 557.344 856.928 548.752 832.366 410.834 784.121 419.426
P1506 0.00142 760.446 557.728 809.593 549.706 791.536 439.083 742.39 447.105
P1506 0.00112 2690.583 1090.334 2773.31 1057.686 2711.95 902.207 2629.223 934.856
P1463 0.94403 947.916 1110.864 1031.268 930.054 935.162 885.749 851.81 1066.559
P1463 0.93483 983.062 1382.65 1065.888 1200.13 964.397 1154.074 881.57 1336.594
P1463 0.9248 1073.404 1175.139 1161.155 995.23 1064.964 948.313 977.214 1128.222
P1463 0.89301 857.59 1319.083 936.957 1136.064 842.207 1094.975 762.84 1277.995
P1463 0.40922 2854.502 2796.613 2912.919 2670.661 2843.475 2638.452 2785.058 2764.405
P1463 0.26719 2753.515 2746.407 2819.527 2612.432 2750.385 2578.364 2684.372 2712.339
P1463 0.03476 2930.975 2823.282 2982.736 2701.0 2920.193 2674.526 2868.432 2796.808
P1463 0.00575 689.402 1968.479 726.878 1884.037 570.271 1814.533 532.794 1898.975
P1463 0.00182 2686.114 2718.02 2738.97 2582.49 2656.691 2550.401 2603.834 2685.931
P0131 0.83916 1048.14 368.213 1099.842 364.41 1092.962 270.884 1041.259 274.687
P0131 0.75502 985.082 375.082 985.721 274.338 913.172 273.878 912.532 374.622
P0131 0.39396 909.261 366.147 908.726 265.402 847.966 265.724 848.501 366.469
P0131 0.0703 993.174 374.452 1039.093 371.108 1033.011 287.609 987.092 290.954
P0131 0.00442 1008.347 13.492 1008.586 -1.945 966.625 -2.594 966.386 12.843
P1440 0.94049 197.107 1178.541 305.978 1125.77 209.244 926.201 100.373 978.971
P1440 0.9368 303.705 1125.816 405.036 1079.998 316.692 884.616 215.361 930.433
P1440 0.93459 304.467 1387.586 405.705 1333.778 300.687 1136.192 199.449 1190.0
P1440 0.93116 406.26 1333.696 511.064 1282.803 412.255 1079.325 307.452 1130.217
P1440 0.76675 505.01 1254.792 611.472 1208.888 521.949 1001.266 415.487 1047.17
P2393 0.00326 65.16 924.8 73.149 912.214 59.31 903.43 51.321 916.016
P2393 0.00298 68.675 899.491 78.283 885.153 64.029 875.601 54.421 889.938
P2393 0.00174 99.289 930.468 110.992 914.025 86.88 896.864 75.177 913.307
P2393 0.00142 195.437 1015.592 210.837 996.15 194.304 983.055 178.904 1002.497
P2393 0.00111 178.1 1002.648 192.554 984.428 173.014 968.926 158.56 987.146
P0770 0.47676 495.891 249.432 530.813 165.122 491.64 148.897 456.718 233.206
P0770 0.00792 1395.302 28.353 1410.106 -6.943 1359.062 -28.353 1344.258 6.943
P0770 0.00594 1535.785 29.989 1538.462 2.834 1497.05 -1.248 1494.374 25.908
P0770 0.00561 1386.506 32.579 1399.289 -4.535 1336.905 -26.021 1324.122 11.093
P0770 0.00278 1341.141 11.358 1343.22 0.567 1318.564 -4.183 1316.485 6.608
P0770 0.00248 305.709 642.052 318.479 609.178 243.493 580.048 230.722 612.922
P0770 0.00243 1382.532 46.143 1393.876 15.373 1313.734 -14.173 1302.39 16.598
P0770 0.00225 1388.82 23.279 1394.222 6.999 1370.124 -0.996 1364.723 15.284
P0770 0.0021 1340.976 28.072 1351.757 -9.303 1286.689 -28.072 1275.908 9.303
P0770 0.00203 1428.747 21.888 1434.298 -1.778 1402.322 -9.279 1396.77 14.386
P0770 0.00197 1366.686 34.039 1377.74 -18.554 1304.063 -34.039 1293.009 18.554
P0770 0.00167 1495.755 19.636 1500.538 -5.329 1456.061 -13.849 1451.278 11.116
P0770 0.00156 1324.004 13.712 1326.356 3.878 1308.726 -0.339 1306.374 9.495
P0770 0.00142 1417.361 23.352 1424.089 -4.541 1385.503 -13.848 1378.776 14.046
P0770 0.0012 1394.472 42.815 1410.952 -22.148 1329.484 -42.815 1313.005 22.148
P0770 0.00112 52.344 1287.737 55.517 1262.805 16.243 1257.807 13.071 1282.739
P0770 0.00105 70.135 134.746 105.652 34.069 58.146 17.31 22.628 117.986
P2598 0.00232 57.77 1569.211 62.026 1466.28 6.104 1463.968 1.848 1566.898
P0374 0.96329 814.473 526.406 902.975 463.197 797.582 315.63 709.08 378.839
P0374 0.9564 716.36 596.893 806.655 533.337 702.186 384.918 611.891 448.474
P0374 0.40723 1049.912 395.987 1175.202 366.38 1122.356 142.753 997.066 172.36
P0374 0.36514 1129.864 609.492 1277.736 554.778 1250.602 481.443 1102.73 536.156
P0374 0.23144 1131.456 534.073 1255.654 495.631 1232.162 419.733 1107.964 458.175
P0374 0.19696 1097.411 424.779 1195.104 380.543 1150.135 281.231 1052.441 325.468
P0374 0.05692 1155.915 696.829 1297.005 648.316 1267.917 563.719 1126.826 612.232
P0374 0.04749 1312.193 55.911 1353.592 24.477 1318.038 -22.348 1276.638 9.087
P0374 0.00442 1035.445 238.819 1123.602 214.273 1107.013 154.691 1018.856 179.237
P0374 0.00135 1329.198 603.834 1357.112 599.728 1338.274 471.65 1310.359 475.756
P0374 0.00121 1099.216 415.352 1187.3 382.971 1169.82 335.42 1081.735 367.801
P2378 0.00183 517.524 787.741 536.578 712.985 487.357 700.439 468.303 775.195
P0352 0.01195 824.216 224.988 947.812 136.348 887.612 52.407 764.016 141.047
P0352 0.00154 841.418 229.034 955.509 138.842 798.278 -60.055 684.186 30.136
P0352 0.00134 1018.777 73.381 1015.81 7.981 875.315 14.355 878.282 79.755
P0904 0.02118 346.194 117.919 349.21 9.291 252.621 6.61 249.606 115.238
P0904 0.01657 228.114 123.54 234.523 2.274 129.136 -3.296 122.727 117.97
P2413 0.00567 1557.94 1227.873 1555.573 1085.326 1490.204 1086.411 1492.572 1228.959
P2374 0.00356 740.79 1569.891 769.544 1544.022 745.267 1517.037 716.513 1542.905
P2733 0.00717 366.136 2572.5 399.484 2551.108 366.085 2499.043 332.737 2520.436
P2733 0.00327 56.605 108.675 44.492 76.185 -10.883 96.828 1.229 129.319
P2733 0.00213 179.547 103.545 164.321 63.039 84.106 93.192 99.332 133.697
P2733 0.00141 51.202 44.373 113.154 18.914 102.89 -6.064 40.937 19.394
P2733 0.0014 352.058 2580.042 389.447 2554.665 354.02 2502.467 316.63 2527.844
P2733 0.00136 461.873 2514.919 434.203 2454.993 400.086 2470.746 427.755 2530.672
P2733 0.00101 573.419 778.493 593.894 755.547 580.942 743.99 560.467 766.936
P1732 0.00118 2230.682 101.65 2278.154 14.665 2164.797 -47.199 2117.325 39.785
P0791 0.00255 929.011 987.148 1063.812 864.637 1005.098 800.034 870.297 922.544
P0791 0.00138 577.331 591.677 712.807 468.234 656.399 406.326 520.922 529.769
P1189 0.96154 560.45 673.065 639.448 611.568 602.102 563.594 523.104 625.091
P1189 0.95543 658.491 735.328 705.662 696.919 643.696 620.815 596.524 659.224
P1384 0.00393 1397.33 729.327 1404.14 678.41 1359.389 672.425 1352.579 723.342
P1384 0.00282 3532.649 4623.655 3532.769 4566.367 3485.907 4566.269 3485.787 4623.557
P1384 0.00233 1394.604 598.193 1407.378 529.479 1366.935 521.961 1354.162 590.675
P1384 0.00208 5589.457 5215.601 5598.813 5114.958 5534.634 5108.992 5525.278 5209.634
P2337 0.00108 2256.922 1068.449 2258.385 985.571 2178.727 984.164 2177.264 1067.043
P2450 0.02501 27.671 361.204 43.134 354.245 33.131 332.016 17.668 338.975
P2450 0.01521 97.259 253.867 111.364 251.726 106.05 216.715 91.945 218.857
P2450 0.01088 49.133 359.508 68.168 353.854 61.59 331.708 42.555 337.362
P2450 0.00546 112.808 253.858 129.722 251.171 122.786 207.508 105.872 210.195
P2450 0.00541 77.545 252.395 97.051 247.659 88.572 212.739 69.067 217.475
P2450 0.00479 91.684 364.013 110.684 360.672 104.687 326.572 85.688 329.913
P2450 0.00324 27.908 384.275 46.13 372.75 35.305 355.636 17.084 367.161
P2450 0.00211 12.328 359.757 9.686 322.814 -6.045 323.94 -3.403 360.882
P2450 0.00209 68.266 359.197 86.317 355.844 81.291 328.785 63.24 332.137
P2450 0.00194 85.775 360.007 102.785 357.247 97.959 327.494 80.949 330.253
P2450 0.00131 54.455 367.181 75.341 363.877 70.032 330.312 49.146 333.616
P2450 0.00118 99.48 361.379 94.935 327.136 75.086 329.771 79.631 364.013
P2450 0.0011 15.546 303.279 11.265 232.103 -4.968 233.079 -0.687 304.255
P1751 0.00146 360.133 2375.61 396.287 2370.236 385.212 2295.737 349.058 2301.112
P1547 0.00353 3061.397 56.381 3094.662 49.016 3082.743 -4.819 3049.478 2.545
P1643 0.00221 1129.959 1306.497 1140.542 1258.29 1100.695 1249.543 1090.112 1297.75
P1234 0.00491 1861.075 2622.705 1884.45 2589.052 1806.161 2534.673 1782.786 2568.326
P1225 0.00111 2937.171 1937.89 2945.317 1903.648 2913.334 1896.039 2905.188 1930.281
P1373 0.00398 3402.36 1314.904 3423.283 1289.505 3362.646 1239.554 3341.724 1264.953
P0385 0.95134 122.771 699.01 236.272 648.618 142.323 437.009 28.822 487.401
P0385 0.62728 94.771 737.478 87.943 502.794 -18.864 505.902 -12.037 740.585
P0385 0.3118 11.203 752.251 94.851 721.707 12.711 496.757 -70.937 527.301
P2766 0.00272 5177.481 130.644 5176.86 6.515 4880.963 7.995 4881.584 132.125
P0673 0.94457 298.458 375.937 344.372 265.95 176.091 195.701 130.177 305.688
P0673 0.88381 942.776 641.666 981.202 535.367 821.039 477.469 782.612 583.767
P0673 0.87797 252.138 484.898 293.001 380.265 124.77 314.564 83.906 419.197
P0673 0.87708 841.111 869.448 883.597 765.317 725.249 700.711 682.763 804.842
P0673 0.79948 890.992 753.001 926.384 651.113 765.524 595.235 730.132 697.124
P0673 0.22467 208.254 592.677 246.266 494.819 75.789 428.6 37.777 526.458
P0673 0.17455 899.081 754.016 965.005 544.556 798.665 492.203 732.741 701.663
P1471 0.73922 4053.335 4634.174 4053.918 4478.753 3954.821 4478.382 3954.239 4633.803
P1471 0.17134 3910.906 4640.733 3913.218 4479.178 3801.394 4477.578 3799.081 4639.132
P1471 0.12556 4221.405 4628.955 4221.606 4481.89 4092.356 4481.713 4092.155 4628.778
P1471 0.00779 785.329 2584.696 785.889 2173.439 592.798 2173.176 592.237 2584.433
P1471 0.00357 802.131 2837.025 815.529 2746.201 753.964 2737.12 740.566 2827.943
P1471 0.00163 3934.049 4658.257 3935.789 4507.115 3841.045 4506.024 3839.306 4657.166
P1377 0.00464 2704.581 3770.984 2710.243 3728.671 2615.603 3716.006 2609.941 3758.318
P1380 0.01588 4190.231 1309.457 4267.012 1285.53 4214.196 1116.043 4137.415 1139.97
P1380 0.01506 4155.113 1318.097 4221.628 1291.668 4162.288 1142.33 4095.774 1168.76
P1380 0.00697 4095.608 1344.926 4149.743 1316.968 4078.234 1178.506 4024.1 1206.464
P1380 0.00562 2890.55 2547.326 2841.698 2470.211 2668.887 2579.684 2717.739 2656.799
P1380 0.00404 4022.601 960.708 4052.405 806.772 3934.873 784.016 3905.069 937.952
P1380 0.00165 3456.193 2772.55 3547.974 2710.651 3520.569 2670.017 3428.789 2731.917
P1380 0.00149 2102.147 3631.937 2159.806 3590.245 2137.559 3559.478 2079.9 3601.17
P2754 0.06908 1158.525 627.81 1184.664 530.618 1133.025 516.73 1106.885 613.922
P2754 0.06708 1089.698 624.478 1111.102 531.029 1057.709 518.8 1036.305 612.248
P2754 0.02616 1222.641 646.279 1250.735 554.608 1207.557 541.376 1179.463 633.046
P2754 0.01207 1036.857 578.848 1049.166 512.094 1005.765 504.091 993.456 570.845
P2754 0.0116 1127.137 748.583 1151.996 654.749 1093.8 639.332 1068.942 733.166
P2754 0.00965 1195.011 773.644 1220.165 682.86 1172.992 669.791 1147.839 760.574
P2754 0.0085 1041.057 649.534 1061.802 551.345 1004.133 539.161 983.388 637.35
P2754 0.00316 1278.058 1647.474 1322.012 1477.466 1256.762 1460.596 1212.808 1630.604
P2754 0.00173 2750.021 2345.391 2750.997 2224.645 2451.631 2222.225 2450.655 2342.971
P2754 0.00139 1371.97 1690.193 1429.955 1509.107 1316.68 1472.835 1258.695 1653.921
P2754 0.00128 1245.619 1280.21 1269.556 1171.543 1214.668 1159.452 1190.731 1268.119
P2754 0.00114 1064.307 641.86 1088.634 537.692 1018.001 521.196 993.675 625.365
P2754 0.00112 1069.357 668.526 1094.685 571.871 1038.297 557.095 1012.969 653.75
P2754 0.00106 1392.208 1685.24 1439.36 1548.428 1372.022 1525.22 1324.87 1662.032
P2754 0.00106 1117.683 761.882 1137.25 683.799 1064.942 665.679 1045.376 743.763
P2481 0.00204 1674.463 347.162 1699.281 341.086 1692.832 314.746 1668.015 320.822
P0396 0.00145 507.508 829.821 615.477 674.316 541.498 622.951 433.528 778.456
P0396 0.00143 343.941 1068.444 450.307 913.546 375.848 862.417 269.482 1017.315
P0396 0.00132 672.274 593.468 779.601 435.647 703.749 384.063 596.422 541.884
P0396 0.0012 233.847 995.087 343.75 839.285 270.389 787.537 160.487 943.338
P1376 0.00171 4561.624 2196.699 4627.412 2180.471 4591.469 2034.76 4525.681 2050.988
P1786 0.04978 2851.781 2136.996 2906.45 2081.704 2848.731 2024.634 2794.061 2079.926
P1786 0.03771 2804.223 2436.406 2839.102 2406.603 2776.883 2333.788 2742.004 2363.591
P1786 0.03037 2826.5 2125.864 2887.925 2063.979 2825.077 2001.598 2763.652 2063.484
P1786 0.00371 2920.0 2568.796 2959.405 2532.069 2885.527 2452.804 2846.122 2489.531
P1786 0.0035 3114.087 2398.018 3153.662 2360.146 3077.836 2280.908 3038.26 2318.78
P2394 0.00485 1298.373 1045.71 1307.62 1023.218 1279.372 1011.605 1270.125 1034.096
P2394 0.00151 168.388 1195.977 176.476 1165.422 160.233 1161.122 152.145 1191.677
P2394 0.00134 211.434 1191.334 215.296 1177.007 187.275 1169.454 183.413 1183.781
P2394 0.00134 526.818 473.441 528.756 434.758 506.051 433.621 504.113 472.304
P2394 0.0012 934.271 483.519 938.936 458.192 922.515 455.167 917.85 480.494
P2255 0.00515 161.344 107.861 161.217 69.499 144.38 69.555 144.508 107.917
P0499 0.00128 618.617 785.374 681.305 718.982 539.413 585.005 476.725 651.397
P2446 0.00173 27.58 2173.498 28.507 2145.006 3.227 2144.183 2.3 2172.675
P1584 0.00212 1662.664 3725.798 1894.507 3651.709 1854.649 3526.98 1622.806 3601.069
P2462 0.00814 1810.95 49.959 1813.158 6.998 1774.294 5.0 1772.086 47.961
P2462 0.00735 1782.972 40.953 1797.034 13.673 1749.985 -10.578 1735.924 16.702
P2462 0.00196 1885.673 65.515 1887.792 5.953 1802.475 2.918 1800.357 62.48
P2462 0.00192 1802.155 47.431 1808.829 -1.142 1664.802 -20.933 1658.128 27.639
P2462 0.00122 1820.85 40.035 1828.663 11.726 1804.367 5.021 1796.554 33.33
P2539 0.00685 265.855 142.838 265.609 108.893 245.214 109.04 245.459 142.986
P2539 0.00475 100.018 239.779 102.104 206.546 62.463 204.057 60.377 237.291
P2539 0.00373 97.205 262.931 98.1 245.044 63.669 243.32 62.774 261.207
P2539 0.00249 309.335 102.362 310.6 71.638 285.782 70.616 284.518 101.34
P2539 0.00213 163.545 172.711 164.954 112.718 137.239 112.068 135.83 172.06
P2539 0.00138 228.966 131.952 228.924 90.782 207.861 90.803 207.903 131.973
P2539 0.00119 367.987 91.986 368.162 73.417 351.348 73.259 351.173 91.828
P2539 0.00116 681.899 1940.176 704.036 1926.084 679.922 1888.202 657.784 1902.295
P2539 0.00115 229.181 159.104 229.931 120.761 207.538 120.323 206.788 158.666
P2539 0.00107 663.429 1919.132 680.592 1894.092 652.397 1874.766 635.233 1899.807
P2539 0.00101 228.968 146.728 229.281 111.202 207.05 111.006 206.737 146.532
P2542 0.00184 943.58 56.451 971.096 51.124 961.615 2.149 934.099 7.477
P2042 0.02101 469.768 198.147 472.606 138.287 385.045 134.135 382.206 193.995
P2042 0.01483 468.044 97.216 468.54 34.834 393.106 34.235 392.61 96.616
P0130 0.13256 444.114 575.982 444.273 556.947 433.641 556.859 433.482 575.893
P0130 0.10165 427.324 577.519 427.591 555.855 417.072 555.726 416.805 577.389
P0130 0.02479 292.771 334.218 283.489 316.662 245.907 336.532 255.189 354.088
P0130 0.01812 412.373 577.531 413.309 554.001 401.781 553.542 400.845 577.073
P0130 0.00201 113.385 45.83 114.207 20.304 100.121 19.85 99.299 45.376
P0130 0.00179 298.929 28.613 299.099 10.103 258.143 9.726 257.973 28.236
P0130 0.0016 97.607 16.705 97.872 3.858 72.215 3.329 71.95 16.175
P0130 0.00146 552.613 544.667 553.352 512.309 522.046 511.594 521.307 543.952
P2455 0.00127 322.51 784.4 335.941 771.214 325.358 760.434 311.927 773.62
P2098 0.00165 119.415 721.438 162.482 712.0 157.518 689.349 114.451 698.787
P2098 0.0012 148.426 648.69 144.334 626.548 103.049 634.177 107.141 656.32
P0715 0.00334 1112.153 88.295 1172.28 19.529 1140.949 -7.867 1080.822 60.899
P2342 0.00176 117.261 1765.975 140.96 1647.886 85.223 1636.7 61.523 1754.789
P2429 0.00114 25.293 2647.569 128.83 2633.335 119.8 2567.65 16.263 2581.884
P1432 0.058 347.147 3200.708 410.356 3186.517 377.434 3039.869 314.224 3054.06
P1432 0.00474 1861.123 1172.274 1860.552 1065.28 1784.628 1065.685 1785.199 1172.679
P1432 0.00406 299.633 3221.402 357.543 3206.937 317.861 3048.068 259.951 3062.533
P1432 0.00388 286.351 3195.179 323.278 3184.121 278.495 3034.573 241.568 3045.631
P1432 0.00135 1749.185 1181.691 1745.497 874.837 1597.935 876.61 1601.622 1183.464
P1432 0.00125 2145.338 4262.137 2147.671 4215.021 2063.657 4210.86 2061.324 4257.977
P1432 0.00123 1389.941 4220.986 1392.552 4181.097 1301.848 4175.16 1299.237 4215.05
P1432 0.00107 273.023 3051.522 309.583 3040.863 289.96 2973.559 253.4 2984.219
P0189 0.00215 16.59 710.951 32.501 696.028 8.781 670.738 -7.13 685.662
P2449 0.00354 148.764 1105.664 151.754 1074.431 120.359 1071.426 117.369 1102.659
P2408 0.00482 1156.601 1817.766 1127.769 1732.062 1064.809 1753.243 1093.642 1838.947
P2408 0.00282 2009.257 2344.208 2008.424 2223.065 1968.526 2223.34 1969.359 2344.483
P2408 0.002 1311.581 2151.931 1373.03 2125.373 1333.364 2033.596 1271.915 2060.155
P2408 0.00116 2012.448 2247.143 2011.734 2168.111 1974.108 2168.451 1974.822 2247.483
P2093 0.00167 1248.39 216.911 1275.935 187.763 1243.709 157.31 1216.164 186.459
P0665 0.01287 52.178 55.097 53.484 -3.752 -8.094 -5.118 -9.4 53.731
P2044 0.95398 345.224 550.163 404.63 546.443 398.348 446.151 338.943 449.872
P2044 0.94867 275.577 553.111 336.431 549.209 329.972 448.487 269.118 452.389
P2504 0.00322 1247.813 427.933 1303.234 413.735 1292.828 373.116 1237.408 387.313
P0199 0.0052 269.016 370.768 269.673 278.196 226.759 277.891 226.102 370.463
P0199 0.00331 940.481 468.358 944.643 303.882 862.875 301.813 858.714 466.289
P0199 0.00144 210.756 369.688 211.673 278.331 162.837 277.841 161.921 369.198
P0402 0.00962 541.344 854.729 663.211 832.737 618.756 586.39 496.89 608.382
P2375 0.01669 1285.993 1024.544 1295.501 1000.854 1251.774 983.304 1242.266 1006.993
P2375 0.00868 1254.885 1022.03 1263.829 995.731 1234.641 985.804 1225.697 1012.103
P2375 0.00154 1262.652 1060.686 1270.415 1036.164 1228.329 1022.842 1220.567 1047.364
P2375 0.00143 1396.213 31.615 1415.14 15.729 1400.858 -1.286 1381.932 14.6
P2593 0.00779 143.861 73.332 178.908 68.722 170.162 2.233 135.115 6.843
P2593 0.00202 513.988 1475.738 482.95 1391.759 439.885 1407.675 470.923 1491.654
P0257 0.00157 385.303 25.929 384.317 -7.481 302.854 -5.078 303.84 28.333
P2768 0.00471 777.872 1801.496 777.708 1759.409 757.941 1759.486 758.104 1801.573
P2768 0.00359 1053.257 1080.786 1054.271 1066.173 1035.378 1064.862 1034.365 1079.476
P2768 0.00275 1090.91 217.937 1110.478 212.226 1100.016 176.378 1080.448 182.088
P2768 0.00228 694.025 2066.778 695.436 2023.738 676.761 2023.125 675.349 2066.166
P2768 0.00206 720.665 1803.239 721.11 1758.905 691.473 1758.608 691.028 1802.942
P2768 0.00201 1027.493 1082.723 1029.788 1061.027 1005.741 1058.483 1003.445 1080.179
P2768 0.00191 911.481 2047.789 911.279 1997.226 888.942 1997.315 889.144 2047.878
P2768 0.00187 753.399 1805.88 752.365 1756.231 727.068 1756.758 728.101 1806.407
P2768 0.00186 879.071 2115.059 877.339 1825.111 717.031 1826.068 718.763 2116.016
P2768 0.00185 911.588 2090.598 911.641 2039.512 888.029 2039.488 887.976 2090.574
P2768 0.00151 928.2 2055.807 928.919 1997.21 904.653 1996.912 903.934 2055.509
P2768 0.00146 712.651 1801.751 712.324 1755.704 682.503 1755.916 682.83 1801.963
P2768 0.00114 912.728 2083.832 912.709 1999.426 887.651 1999.431 887.67 2083.838
P2595 0.00403 699.579 1238.966 736.724 1234.306 726.522 1152.986 689.377 1157.646
P2595 0.00367 660.987 1248.179 694.803 1243.131 682.33 1159.576 648.514 1164.624
P2595 0.00153 24.431 676.934 53.899 672.931 45.173 608.691 15.705 612.694
P0368 0.95942 688.111 818.93 796.418 707.647 713.964 627.398 605.657 738.681
P0368 0.19788 805.45 685.828 806.143 536.564 734.518 536.231 733.825 685.495
P0368 0.00397 83.676 57.051 90.941 1.548 13.152 -8.634 5.887 46.869
P0659 0.9081 214.812 371.686 421.397 317.215 392.477 207.533 185.891 262.004
P0659 0.12438 312.966 67.753 421.387 37.507 404.163 -24.233 295.743 6.013
P1474 0.00108 2741.585 631.746 2811.398 582.959 2786.599 547.471 2716.786 596.258
P1474 0.00106 2703.267 574.817 2755.938 510.425 2710.959 473.632 2658.288 538.024
P1474 0.00102 2760.316 721.882 2839.251 662.376 2800.615 611.125 2721.681 670.631
P2580 0.00434 831.506 1254.394 934.884 1156.24 791.398 1005.117 688.02 1103.271
P2088 0.00371 289.826 359.897 294.023 188.287 217.285 186.41 213.088 358.02
P0242 0.94333 96.632 620.112 201.47 609.577 185.25 448.167 80.412 458.702
P0882 0.07592 253.494 632.898 266.212 470.211 188.028 464.099 175.311 626.786
P0882 0.00989 323.995 386.326 334.893 253.873 255.399 247.332 244.5 379.785
P0882 0.00153 853.892 1137.408 853.736 1029.7 782.333 1029.804 782.489 1137.512
