P0970 0.0032 3872.6 284.349 4293.012 254.325 4276.039 16.648 3855.626 46.672
P0970 0.00114 3822.123 205.081 4283.529 181.838 4274.016 -7.013 3812.609 16.23
P0964 0.0087 2650.534 1242.198 2650.476 1059.274 979.001 1059.802 979.059 1242.726
P0936 0.00225 3239.147 258.032 3241.759 228.762 3177.259 223.005 3174.647 252.276
P0953 0.01277 2976.186 423.515 2977.382 273.511 2906.571 272.946 2905.375 422.95
P2085 0.00124 1216.659 607.425 1218.502 576.124 1093.535 568.766 1091.692 600.067
P2271 0.00206 1304.967 637.369 1314.317 228.706 692.368 214.476 683.017 623.139
P2271 0.00194 5230.649 1376.908 5240.915 692.486 4594.982 682.798 4584.716 1367.22
P2718 0.00955 524.232 795.918 533.205 726.506 471.308 718.505 462.335 787.917
P2718 0.00708 2562.187 2157.552 2592.446 2095.42 2546.939 2073.258 2516.68 2135.389
P2718 0.0041 721.073 711.318 728.39 641.138 673.815 635.448 666.498 705.628
P2718 0.00349 779.519 822.189 786.829 751.688 744.553 747.304 737.243 817.806
P2714 0.01146 3618.376 2420.681 3621.213 2363.605 3575.607 2361.338 3572.77 2418.414
P2714 0.01064 3806.278 222.549 3812.273 149.037 3761.424 144.89 3755.429 218.402
P2714 0.00655 4278.655 1428.796 4311.246 1363.494 4255.172 1335.508 4222.581 1400.81
P2714 0.00605 485.985 309.335 498.257 221.541 455.615 215.58 443.342 303.375
P2721 0.01427 1294.423 1421.012 1296.983 1344.438 1247.9 1342.797 1245.34 1419.37
P2721 0.01412 618.827 1318.402 624.24 1242.589 572.267 1238.878 566.854 1314.691
P2721 0.00811 3108.368 2435.439 3146.427 2336.595 3092.945 2316.002 3054.886 2414.846
P2721 0.00654 392.559 1019.985 396.987 941.437 342.393 938.36 337.966 1016.907
P2721 0.0061 2281.54 678.108 2321.1 619.703 2282.586 593.615 2243.026 652.02
P2721 0.00578 1472.52 76.348 1472.457 3.536 1380.495 3.615 1380.558 76.427
P2721 0.0046 3885.183 1356.973 3917.167 1296.502 3879.529 1276.595 3847.545 1337.066
P2721 0.00414 1650.196 344.46 1710.814 298.834 1682.415 261.105 1621.797 306.731
P2724 0.03272 2349.513 2439.948 2395.325 2414.717 2353.833 2339.379 2308.02 2364.611
P2724 0.01566 2064.011 2201.927 2114.984 2177.206 2082.335 2109.887 2031.363 2134.608
P2724 0.01021 4435.895 1628.508 4436.442 1585.933 4358.007 1584.923 4357.459 1627.498
P2724 0.00562 2519.948 1298.557 2572.64 1271.811 2545.779 1218.89 2493.086 1245.636
P2724 0.00393 3323.744 985.278 3351.632 919.145 3289.895 893.111 3262.008 959.245
P2724 0.00327 4313.021 1104.331 4315.757 1061.21 4267.442 1058.145 4264.706 1101.265
P2724 0.00302 2504.865 1132.974 2547.697 1126.301 2532.583 1029.293 2489.751 1035.967
P2724 0.00299 2445.306 1173.851 2480.094 1168.313 2469.983 1104.796 2435.195 1110.334
P2724 0.00287 1616.91 273.94 1634.856 222.163 1598.01 209.392 1580.063 261.168
P2724 0.00283 2746.781 830.608 2804.203 810.619 2767.884 706.291 2710.463 726.28
P2724 0.00277 2967.277 2377.521 3019.495 2370.65 3004.977 2260.302 2952.758 2267.173
P2689 0.00845 2880.613 715.139 3150.43 592.347 3056.321 385.557 2786.504 508.349
P2689 0.00251 2751.761 293.72 2916.048 117.207 2748.689 -38.56 2584.402 137.952
P2168 0.92524 900.951 875.425 904.629 533.6 748.728 531.923 745.05 873.747
P2168 0.91214 633.899 758.615 643.046 531.015 293.552 516.969 284.405 744.569
P2168 0.01322 984.377 883.598 983.529 815.434 938.582 815.993 939.43 884.157
P2168 0.00604 860.973 1130.536 873.959 954.486 342.394 915.276 329.408 1091.326
P2168 0.00298 1454.749 799.643 1461.569 615.504 1241.866 607.366 1235.046 791.505
P2168 0.00155 506.407 893.959 510.759 802.258 472.848 800.459 468.497 892.159
P2168 0.0015 337.929 885.408 343.939 797.671 301.453 794.76 295.443 882.498
P2168 0.00139 140.294 426.446 153.79 3.264 22.069 -0.937 8.573 422.245
P2168 0.00123 608.06 882.637 626.423 529.801 308.69 513.265 290.327 866.101
P2168 0.00117 616.408 894.304 619.597 802.646 574.224 801.067 571.035 892.725
P2331 0.0164 714.072 1562.699 722.903 1374.81 647.046 1371.244 638.214 1559.133
P2331 0.01019 279.327 108.67 314.077 43.15 232.295 -0.224 197.546 65.297
P2331 0.00326 1354.958 1688.256 1361.284 1603.768 1305.686 1599.606 1299.361 1684.094
P2331 0.00277 676.807 1192.495 680.836 1138.206 632.976 1134.654 628.948 1188.943
P2331 0.00133 620.411 1200.448 623.291 1146.335 586.544 1144.379 583.664 1198.492
P2331 0.00103 712.719 1194.048 718.129 1145.804 685.867 1142.186 680.457 1190.43
P2722 0.00682 264.768 1281.637 267.878 1203.562 217.432 1201.552 214.321 1279.627
P2722 0.0053 1050.836 628.598 1054.096 564.292 1018.238 562.474 1014.978 626.78
P2722 0.00384 2412.697 127.658 2467.751 103.537 2449.184 61.159 2394.129 85.281
P2563 0.93343 1364.794 489.755 1815.309 393.542 1744.563 62.278 1294.048 158.491
P2563 0.87311 369.426 825.658 853.331 686.085 758.036 355.695 274.131 495.269
P2781 0.95645 2980.719 1376.584 3415.308 1090.577 2996.597 454.344 2562.008 740.351
P0457 0.0039 439.744 485.944 438.808 281.197 227.207 282.165 228.143 486.912
P0491 0.02205 1903.154 1603.277 1931.752 1258.815 1581.079 1229.702 1552.481 1574.164
P0491 0.01246 109.571 570.252 241.338 355.944 77.496 255.205 -54.272 469.512
P0491 0.00472 125.078 386.508 131.373 226.107 -16.069 220.32 -22.364 380.721
P0491 0.00266 1304.65 1175.156 1329.79 927.124 1083.841 902.195 1058.7 1150.227
P0491 0.00141 92.18 776.66 178.275 504.244 24.772 455.731 -61.323 728.147
P0491 0.00116 248.341 206.408 369.792 67.95 302.191 8.654 180.741 147.112
P0491 0.00113 92.296 763.816 220.163 357.92 6.792 290.703 -121.074 696.599
P2547 0.25009 911.028 1925.283 953.13 1831.073 848.909 1784.496 806.807 1878.706
P2547 0.00704 807.457 2026.407 961.71 2004.131 949.111 1916.885 794.858 1939.161
P1903 0.95687 1380.482 520.404 1396.61 319.523 1088.757 294.807 1072.629 495.688
P1903 0.95287 875.332 514.368 894.232 279.281 425.422 241.591 406.522 476.678
P1903 0.49887 1097.026 1185.476 1144.092 826.414 938.293 799.438 891.227 1158.5
P1903 0.11132 176.111 88.498 178.879 48.737 19.597 37.648 16.829 77.408
P1903 0.00429 207.273 73.615 208.99 24.527 20.742 17.941 19.025 67.029
P1903 0.004 1209.642 669.236 1214.576 504.963 1048.552 499.976 1043.618 664.249
P1903 0.00223 170.218 61.572 171.731 -0.16 7.908 -4.174 6.395 57.557
P2745 0.00864 146.652 1911.088 149.631 1837.731 94.19 1835.479 91.21 1908.836
P2745 0.0025 440.275 1975.444 438.732 1914.749 342.371 1917.198 343.914 1977.894
P2166 0.92016 495.478 745.625 503.498 326.736 16.935 317.419 8.914 736.309
P2166 0.89941 850.391 720.176 986.356 591.436 704.879 294.162 568.914 422.902
P2166 0.02656 471.672 719.321 473.533 566.239 139.378 562.176 137.517 715.257
P2166 0.00455 501.168 474.163 502.903 355.172 110.418 349.449 108.684 468.441
P2166 0.00133 418.423 295.685 420.428 189.669 363.852 188.599 361.848 294.615
P0146 0.78217 2294.474 835.958 2358.681 603.977 1966.023 495.298 1901.816 727.279
P0146 0.00561 2145.321 1342.405 2241.694 861.602 1913.628 795.844 1817.256 1276.647
P0146 0.00559 1873.688 834.398 1947.871 503.496 1709.245 450.0 1635.062 780.903
P0146 0.00357 716.904 523.938 739.75 458.942 676.231 436.614 653.384 501.61
P0833 0.00226 1383.08 1191.061 1384.979 982.833 1009.462 979.409 1007.564 1187.638
P0833 0.0022 1343.546 572.808 1454.327 529.019 1369.629 314.738 1258.847 358.526
P2502 0.3295 85.467 421.783 165.879 297.5 79.419 241.56 -0.992 365.843
P2502 0.14599 260.908 286.74 318.12 190.626 263.493 158.109 206.281 254.224
P2502 0.01994 573.191 1851.734 583.723 1737.503 414.907 1721.938 404.375 1836.169
P2502 0.01817 295.725 574.587 390.011 432.375 317.746 384.464 223.459 526.675
P2502 0.00802 191.131 241.209 251.823 157.92 200.313 120.385 139.621 203.673
P2502 0.00553 711.088 1893.751 720.614 1820.334 669.442 1813.694 659.915 1887.11
P2502 0.00541 696.817 1901.074 708.029 1803.897 599.28 1791.351 588.069 1888.527
P2502 0.0051 588.192 585.347 701.137 558.938 654.946 361.387 542.0 387.796
P2502 0.00251 534.384 180.542 598.198 76.947 424.353 -30.139 360.54 73.456
P2502 0.00167 439.093 671.538 495.734 585.907 455.442 559.256 398.801 644.887
P2502 0.00125 661.142 1842.883 675.784 1759.132 610.041 1747.637 595.398 1831.388
P2502 0.00106 1889.664 2478.312 1896.077 2384.626 1677.839 2369.688 1671.426 2463.374
P2592 0.9657 933.669 875.977 1213.996 719.482 978.183 297.077 697.856 453.573
P2592 0.93358 1592.989 930.847 2037.462 737.644 1921.934 471.865 1477.461 665.068
P2592 0.00713 1681.984 529.305 1803.294 456.204 1742.946 356.059 1621.637 429.16
P2592 0.00397 1317.833 785.419 1585.893 610.331 1398.612 323.602 1130.552 498.69
P2592 0.00134 2099.573 629.715 2103.076 379.561 1990.45 377.984 1986.948 628.138
P2587 0.20233 790.588 1441.982 880.448 919.996 372.477 832.548 282.617 1354.534
P2587 0.08229 1864.324 1332.045 1998.949 1148.395 1606.553 860.746 1471.927 1044.395
P2587 0.01084 2260.183 835.977 2411.344 659.929 2058.297 356.789 1907.135 532.837
P2587 0.00445 2136.392 977.064 2258.03 831.732 1899.28 531.472 1777.642 676.804
P2587 0.00375 1323.401 2115.197 1326.083 2019.39 1090.773 2012.803 1088.091 2108.61
P2587 0.00321 1994.14 1138.598 2126.108 968.179 1743.026 671.528 1611.058 841.947
P2587 0.00152 1462.407 2121.371 1463.604 2010.975 1062.645 2006.629 1061.448 2117.025
P1456 0.95938 3064.741 1772.594 3080.331 1008.927 2572.247 998.555 2556.656 1762.221
P1456 0.01252 1019.604 1534.627 1052.624 806.282 428.915 778.006 395.895 1506.35
P0526 0.00547 2310.369 104.287 2311.216 4.278 2087.064 2.379 2086.217 102.388
P0526 0.00428 1673.453 1476.006 1846.507 1110.341 1401.733 899.848 1228.679 1265.514
P0526 0.00207 2309.996 72.014 2310.952 -3.234 2076.323 -6.215 2075.367 69.034
P0143 0.92666 375.153 406.26 424.823 404.895 422.255 311.443 372.585 312.808
P0143 0.00122 229.879 472.682 227.961 325.87 117.156 327.317 119.073 474.129
P2404 0.00425 1022.089 2625.304 1079.177 2551.962 952.064 2453.02 894.976 2526.361
P2404 0.0015 5398.045 4107.352 5403.038 4009.913 5207.953 3999.917 5202.96 4097.355
P2197 0.96688 1633.81 1445.53 1644.062 1070.239 1448.453 1064.895 1438.201 1440.186
P2197 0.96403 911.062 610.774 921.123 252.395 722.259 246.813 712.198 605.191
P2197 0.92629 831.705 1246.233 845.338 864.635 669.84 858.365 656.207 1239.963
P2197 0.41369 2104.681 1179.253 2116.585 998.167 1827.708 979.177 1815.804 1160.263
P2197 0.00835 1908.103 1240.912 1909.794 1201.274 1827.19 1197.752 1825.5 1237.39
P1230 0.04692 3743.457 1876.718 3869.014 1797.888 3828.164 1732.823 3702.607 1811.653
P1230 0.01383 2805.889 796.633 2868.313 785.492 2846.538 663.48 2784.113 674.621
P1230 0.00325 2776.703 659.608 2849.406 647.196 2823.273 494.119 2750.569 506.532
P1230 0.00227 4316.887 3240.444 4359.833 3233.491 4346.849 3153.288 4303.903 3160.24
P1506 0.36611 444.201 954.464 761.834 829.638 581.417 370.549 263.784 495.375
P1506 0.24084 1185.442 1672.342 1194.998 1348.758 892.819 1339.834 883.263 1663.418
P1506 0.07155 2099.169 1662.123 2416.016 767.593 1722.487 521.941 1405.639 1416.471
P1506 0.048 168.533 1101.567 173.844 871.958 7.105 868.101 1.794 1097.71
P1506 0.01179 779.181 2005.123 1022.913 1733.24 632.443 1383.199 388.711 1655.083
P1506 0.01087 841.37 582.005 994.797 544.995 951.976 367.473 798.549 404.483
P1506 0.00651 467.767 744.741 671.565 602.485 512.088 374.015 308.29 516.271
P1506 0.00606 2583.398 1149.675 2659.319 1117.188 2589.193 953.304 2513.272 985.791
P1506 0.00599 783.409 2244.144 1244.435 1876.379 717.019 1215.216 255.993 1582.981
P1506 0.00389 -31.775 925.518 115.395 900.991 65.133 599.41 -82.037 623.938
P1506 0.00365 2044.843 987.754 2283.229 806.03 2139.723 617.778 1901.337 799.502
P1506 0.0034 120.665 1084.874 163.544 777.573 -8.247 753.602 -51.126 1060.903
P1506 0.00294 212.598 1127.403 239.338 1023.49 27.866 969.071 1.125 1072.984
P1506 0.00246 758.317 614.123 1004.592 562.821 958.221 340.214 711.945 391.516
P1506 0.00176 790.804 1720.495 943.328 1472.542 623.268 1275.662 470.744 1523.616
P1506 0.00164 2690.583 1090.334 2773.31 1057.686 2711.95 902.207 2629.223 934.856
P1506 0.00154 227.923 1110.866 252.843 1019.778 146.363 990.647 121.443 1081.735
P1506 0.00144 480.94 953.867 666.921 854.922 543.146 622.27 357.165 721.216
P1506 0.00127 2028.299 920.534 2153.035 820.074 2047.349 688.851 1922.614 789.311
P1506 0.00115 103.471 375.81 141.366 200.335 -34.245 162.41 -72.141 337.885
P2570 0.94027 98.306 768.0 435.141 738.088 393.417 268.251 56.582 298.164
P2570 0.93919 1382.334 965.99 1702.153 938.071 1659.102 444.915 1339.282 472.835
P2570 0.92618 553.557 812.778 1022.691 762.967 987.914 435.427 518.78 485.237
P2570 0.92494 531.012 411.145 1015.285 375.739 993.279 74.744 509.006 110.149
P2570 0.92436 665.85 1169.921 1147.907 1129.519 1122.031 820.779 639.974 861.181
P2570 0.74387 1197.13 1079.6 1306.606 1069.415 1289.612 886.74 1180.136 896.924
P2570 0.41246 1044.295 813.771 1274.464 792.386 1242.46 447.931 1012.29 469.317
P2570 0.00625 1787.968 1461.194 1808.81 1444.484 1775.493 1402.928 1754.651 1419.638
P2570 0.00211 1803.683 969.649 1804.654 557.661 1748.595 557.529 1747.624 969.517
P2570 0.00164 1730.438 924.406 1847.566 914.926 1811.76 472.529 1694.632 482.009
P2570 0.00136 1793.425 24.369 1793.299 -25.089 1510.775 -24.369 1510.901 25.089
P1463 0.9644 1537.325 1995.944 1835.959 1295.451 1347.599 1087.254 1048.966 1787.747
P1463 0.87644 2624.647 2436.526 2893.874 1817.01 2425.784 1613.589 2156.557 2233.106
P1463 0.00209 942.037 1111.775 1037.532 945.412 942.942 891.115 847.447 1057.478
P1463 0.00111 2601.023 2400.918 2870.796 1834.398 2632.537 1720.941 2362.763 2287.461
P0131 0.57888 392.227 848.071 615.789 838.224 599.978 479.217 376.415 489.063
P0131 0.0103 1049.139 369.93 1101.344 365.361 1092.987 269.87 1040.782 274.439
P1440 0.94904 1436.207 1096.457 1742.479 528.895 1431.51 361.087 1125.237 928.649
P0770 0.94746 1242.369 1184.843 1333.026 1007.517 957.914 815.743 867.257 993.069
P0770 0.00194 68.705 134.071 106.841 30.237 60.048 13.051 21.912 116.885
P0770 0.00104 748.886 544.116 756.279 383.41 595.383 376.007 587.99 536.714
P0117 0.54848 1106.591 780.741 1210.596 631.052 1066.004 530.588 961.998 680.276
P0117 0.00366 521.939 349.747 609.781 162.564 414.789 71.057 326.946 258.239
P2169 0.00448 17.055 29.391 18.865 -1.86 -0.1 -2.959 -1.91 28.292
P2169 0.00164 159.307 27.282 159.971 7.465 149.244 7.105 148.58 26.922
P2169 0.00131 184.523 15.908 184.49 3.771 162.09 3.831 162.123 15.968
P2363 0.00215 1846.677 138.812 1913.186 69.169 1893.429 50.302 1826.921 119.945
P2363 0.00181 1260.71 1915.75 1335.804 1857.504 1313.163 1828.314 1238.07 1886.56
P2598 0.9357 2006.285 1486.668 2034.238 593.18 1399.562 573.323 1371.608 1466.811
P2598 0.91473 1247.421 833.469 1264.995 349.505 650.628 327.196 633.054 811.16
P2598 0.00116 566.086 2066.834 566.573 2002.632 259.395 2000.3 258.907 2064.502
P2598 0.00105 629.326 2074.085 629.573 1981.031 132.883 1979.71 132.636 2072.764
P0331 0.00346 2474.177 2166.583 2513.748 1772.641 2420.54 1763.278 2380.968 2157.221
P2378 0.00137 569.141 930.803 583.436 840.728 434.653 817.116 420.358 907.19
P0352 0.05049 1205.974 377.513 1217.175 145.082 992.149 134.238 980.948 366.669
P0352 0.00229 1191.406 979.713 1227.359 633.923 880.701 597.88 844.748 943.67
P1219 0.00132 4029.242 235.5 4027.237 -1.878 2876.213 7.845 2878.218 245.223
P0217 0.0024 12.351 1441.304 97.745 1421.938 57.937 1246.409 -27.457 1265.775
P2413 0.02129 1601.553 1216.171 1634.252 1212.164 1628.047 1161.53 1595.349 1165.537
P2413 0.01059 1236.108 906.565 1242.399 573.097 1083.665 570.102 1077.373 903.57
P2413 0.00957 1556.923 1225.157 1555.915 1085.497 1488.534 1085.983 1489.542 1225.643
P2413 0.00388 1634.469 1217.348 1660.341 1215.619 1656.691 1161.023 1630.818 1162.752
P2413 0.00376 813.388 1994.045 862.332 1975.696 833.322 1898.312 784.377 1916.661
P2413 0.00148 382.231 1293.655 766.696 1254.642 750.171 1091.792 365.706 1130.804
P2374 0.0016 1872.998 319.329 1873.234 228.489 1812.318 228.331 1812.082 319.171
P2733 0.05285 275.551 2624.271 301.489 2595.997 262.111 2559.871 236.173 2588.145
P2733 0.02327 491.492 912.915 566.299 870.946 536.091 817.101 461.283 859.07
P1809 0.01301 244.754 6237.697 287.314 5670.873 -1.8 5649.165 -44.359 6215.989
P1650 0.05393 1615.73 1825.178 1637.196 1655.83 1550.06 1644.784 1528.594 1814.133
P1650 0.00413 1819.952 1589.04 1824.154 1499.416 1782.265 1497.452 1778.064 1587.076
P1650 0.00239 2678.377 142.095 2735.837 124.088 2699.989 9.698 2642.529 27.705
P1577 0.00228 1634.641 1231.406 1753.44 1201.737 1687.185 936.443 1568.387 966.112
P1581 0.00155 999.844 3190.598 1095.358 3150.998 1071.832 3094.254 976.318 3133.854
P1742 0.00764 290.081 2381.188 450.443 2327.291 424.237 2249.319 263.875 2303.217
P1742 0.00426 1604.459 786.973 1611.701 699.167 1531.452 692.549 1524.21 780.355
P1742 0.0038 53.14 3821.601 127.749 3799.024 116.799 3762.838 42.19 3785.415
P1742 0.00222 73.532 3881.556 148.708 3843.135 124.552 3795.872 49.376 3834.293
P1732 0.00465 3281.755 3476.818 3315.225 3414.15 3149.917 3325.864 3116.448 3388.532
P1732 0.00262 3935.978 2225.543 3973.34 2177.071 3905.072 2124.45 3867.709 2172.922
P1732 0.00254 3172.666 2437.177 3209.827 2388.81 3142.98 2337.451 3105.819 2385.818
P1732 0.00241 1629.417 339.32 1658.632 303.698 1594.954 251.472 1565.738 287.094
P1732 0.00117 1577.984 244.007 1626.566 166.652 1555.372 121.94 1506.79 199.295
P1732 0.00111 1363.639 836.723 1380.552 652.687 1309.609 646.167 1292.696 830.203
P1732 0.00101 3764.201 1325.658 3848.276 1306.605 3814.218 1156.317 3730.143 1175.37
P0179 0.18342 1563.291 4563.444 1580.191 3965.064 1044.342 3949.929 1027.441 4548.309
P0179 0.06645 399.559 3929.271 394.727 3324.355 -21.781 3327.682 -16.949 3932.598
P1434 0.00628 2002.685 1645.145 2007.118 1489.707 1959.774 1488.356 1955.341 1643.794
P1434 0.00463 2070.126 1697.321 2082.699 1448.188 1941.874 1441.081 1929.301 1690.214
P1434 0.00186 2028.933 1648.357 2033.006 1450.923 1943.214 1449.071 1939.141 1646.504
P1434 0.00168 2025.179 1967.861 2063.395 1774.779 1933.718 1749.113 1895.502 1942.194
P1384 0.08943 4258.455 1277.509 4304.769 1052.027 4204.713 1031.476 4158.399 1256.958
P1384 0.08165 1592.123 421.192 1606.595 258.254 1523.236 250.85 1508.764 413.788
P1384 0.06905 5491.835 5036.878 5505.644 4936.648 5411.091 4923.622 5397.282 5023.852
P1384 0.05836 3005.682 5579.919 3018.099 5440.485 2921.461 5431.879 2909.044 5571.314
P1384 0.05004 5174.652 2945.331 5245.518 2588.428 5059.722 2551.536 4988.856 2908.439
P1384 0.04982 5625.568 5040.327 5638.344 4911.692 5560.624 4903.974 5547.849 5032.608
P1384 0.0256 1601.531 416.974 1616.117 275.343 1551.531 268.692 1536.946 410.323
P1384 0.02066 3512.301 4414.784 3518.361 4228.774 3397.138 4224.825 3391.078 4410.835
P1384 0.01032 3849.958 1321.164 3873.613 1068.887 3731.638 1055.575 3707.983 1307.852
P1384 0.00895 5580.968 5052.441 5597.47 4934.813 5513.701 4923.062 5497.199 5040.689
P1384 0.00867 5589.457 5215.601 5598.813 5114.958 5534.634 5108.992 5525.278 5209.634
P1384 0.00765 1378.155 440.273 1386.96 355.527 1322.046 348.782 1313.241 433.528
P1384 0.00763 1249.818 644.117 1263.749 501.456 1194.227 494.667 1180.296 637.328
P1384 0.00737 1395.728 331.474 1401.557 257.865 1332.5 252.397 1326.671 326.006
P1384 0.00498 4187.241 1434.661 4203.317 1307.51 4095.367 1293.861 4079.291 1421.012
P1384 0.00457 1528.359 189.667 1540.019 68.021 1458.866 60.243 1447.207 181.888
P1384 0.00398 4226.375 913.936 4258.714 733.196 4155.127 714.661 4122.789 895.401
P1384 0.00376 2969.88 5610.183 2978.992 5483.326 2822.339 5472.073 2813.227 5598.93
P1384 0.00371 4157.468 1222.272 4194.61 1033.276 4086.343 1011.999 4049.202 1200.996
P1384 0.00359 1291.494 420.883 1304.698 295.144 1205.555 284.732 1192.35 410.472
P1384 0.00335 1705.885 220.384 1725.178 46.531 1607.041 33.42 1587.748 207.274
P1384 0.00329 5243.195 2441.875 5265.477 2148.04 5115.516 2136.669 5093.234 2430.504
P1384 0.00326 1516.176 408.325 1526.935 293.761 1475.329 288.915 1464.57 403.479
P1384 0.00302 5487.317 5089.875 5495.614 5034.575 5417.009 5022.782 5408.712 5078.082
P1384 0.00288 4711.027 932.728 4715.491 807.308 4595.396 803.034 4590.932 928.454
P1384 0.00257 4225.104 1415.655 4236.879 1327.227 4173.014 1318.722 4161.238 1407.15
P1384 0.00257 4304.573 970.18 4343.849 819.219 4264.06 798.46 4224.784 949.422
P1384 0.00255 1773.452 232.139 1789.045 55.566 1659.388 44.116 1643.796 220.689
P1384 0.00179 5574.94 5202.405 5587.354 5109.881 5516.612 5100.39 5504.198 5192.914
P1384 0.00177 2897.258 5592.603 2909.745 5451.844 2812.567 5443.223 2800.08 5583.981
P1179 0.02533 5070.205 3046.803 5648.247 2752.915 5467.022 2396.468 4888.98 2690.356
P2541 0.09805 1666.122 1512.757 1666.02 1450.122 1613.134 1450.208 1613.236 1512.843
P2541 0.00731 2140.528 1503.726 2149.793 1393.338 2087.172 1388.081 2077.907 1498.47
P2541 0.00611 2354.73 1820.754 2358.472 1749.354 2252.499 1743.801 2248.757 1815.201
P2541 0.00517 1090.207 2567.936 1091.031 2526.077 916.129 2522.634 915.305 2564.492
P2541 0.00235 2068.305 1498.805 2073.885 1389.194 1921.666 1381.447 1916.088 1491.058
P2541 0.00117 944.569 2564.197 944.364 2517.448 840.742 2517.902 840.947 2564.651
P2541 0.0011 2614.307 65.102 2613.942 -0.85 2576.633 -0.643 2576.998 65.308
P1666 0.04286 3585.17 151.904 3600.521 86.308 3506.754 64.364 3491.403 129.961
P1666 0.02332 898.999 557.929 944.121 538.695 917.204 475.547 872.082 494.78
P1666 0.00378 149.349 869.915 170.35 812.584 117.723 793.306 96.722 850.637
P1666 0.00174 920.692 269.187 959.601 185.996 918.63 166.834 879.721 250.025
P1666 0.00154 3558.296 209.887 3569.055 162.456 3502.78 147.423 3492.021 194.854
P2450 0.00701 112.808 253.858 129.722 251.171 122.786 207.508 105.872 210.195
P2450 0.00143 94.28 252.188 111.823 249.212 105.767 213.508 88.224 216.483
P1693 0.01159 3653.659 1152.799 3693.454 969.052 3502.763 927.753 3462.968 1111.5
P1693 0.00139 1525.292 2717.307 1465.243 2498.808 1364.605 2526.466 1424.655 2744.965
P1529 0.01353 50.652 2612.369 147.787 2585.741 95.494 2394.981 -1.642 2421.609
P1542 0.00218 3070.954 985.374 3080.897 939.253 3020.378 926.206 3010.435 972.327
P1651 0.00847 65.953 2572.255 128.676 2539.272 100.871 2486.396 38.148 2519.378
P1651 0.00418 273.163 197.248 248.282 124.736 104.011 174.241 128.891 246.752
P1763 0.00631 1298.44 1715.192 1318.697 1619.548 1267.853 1608.78 1247.596 1704.423
P1763 0.00184 1302.355 1682.477 1321.193 1614.85 1272.073 1601.167 1253.235 1668.794
P1586 0.02892 3355.906 2661.213 3397.63 2619.335 3310.234 2532.26 3268.51 2574.138
P1586 0.011 3287.862 3909.789 3295.234 3836.802 3225.959 3829.805 3218.587 3902.793
P1586 0.00997 2865.139 2788.877 2876.747 2737.452 2809.19 2722.202 2797.582 2773.627
P1586 0.00669 3466.269 4005.551 3480.922 3950.178 3408.985 3931.142 3394.332 3986.515
P1586 0.00591 2088.316 2098.584 2158.053 2044.108 2122.468 1998.553 2052.73 2053.03
P1586 0.00199 2277.601 3901.204 2304.586 3840.158 2254.835 3818.167 2227.85 3879.212
P1586 0.00188 1696.159 3755.612 1709.771 3709.587 1630.664 3686.191 1617.052 3732.216
P1586 0.00185 2173.563 3486.905 2198.335 3395.493 2108.685 3371.199 2083.913 3462.611
P1586 0.00177 1762.978 3974.361 1772.49 3941.48 1735.106 3930.666 1725.594 3963.547
P1604 0.00268 1824.072 4020.177 1916.285 3991.346 1885.193 3891.9 1792.98 3920.731
P1604 0.00263 952.238 1103.025 954.279 1048.891 903.729 1046.984 901.687 1101.118
P1604 0.00256 1300.719 4015.332 1352.449 4000.488 1326.851 3911.278 1275.12 3926.122
P1751 0.00656 305.133 2419.19 309.497 2310.789 235.81 2307.822 231.446 2416.224
P1751 0.00256 276.302 2476.653 292.554 2335.785 201.909 2325.328 185.658 2466.196
P1619 0.00174 440.659 376.335 474.756 305.866 416.506 277.682 382.41 348.151
P1752 0.03149 3036.215 1731.622 3093.106 1727.469 3083.74 1599.172 3026.849 1603.325
P1752 0.00626 2859.714 74.046 2866.262 16.588 2802.506 9.322 2795.958 66.779
P1752 0.00534 2751.09 119.043 2802.025 73.2 2744.65 9.452 2693.715 55.294
P1752 0.0027 3715.776 3177.914 3824.712 3161.217 3812.879 3084.015 3703.943 3100.712
P1566 0.00941 2008.063 1929.961 2143.868 1877.179 2112.24 1795.8 1976.434 1848.582
P1370 0.00113 2324.055 4049.974 2328.609 3961.536 2105.127 3950.026 2100.572 4038.464
P1257 0.00823 453.744 2211.685 427.63 2005.945 319.822 2019.629 345.935 2225.369
P1257 0.00679 1648.515 751.788 1690.84 726.023 1663.584 681.249 1621.259 707.015
P1257 0.00627 1594.289 815.357 1662.645 747.918 1635.172 720.071 1566.816 787.511
P1257 0.00506 2134.001 126.401 2230.198 23.263 2160.896 -41.375 2064.699 61.763
P1257 0.00404 1197.274 2744.918 1264.688 2693.437 1179.274 2581.587 1111.859 2633.068
P1257 0.00218 1284.17 3472.376 1337.562 3446.41 1299.224 3367.576 1245.832 3393.542
P1315 0.198 2252.154 1466.471 2213.873 1299.334 2099.776 1325.467 2138.056 1492.604
P1283 0.00159 1533.617 161.854 1554.157 -14.715 1223.753 -53.15 1203.213 123.419
P1332 0.00964 3870.416 1623.434 3809.635 1468.657 3734.75 1498.064 3795.531 1652.842
P1332 0.00231 3652.098 1059.654 3705.679 1054.25 3698.531 983.377 3644.95 988.781
P1332 0.00127 3656.8 1037.549 3700.159 1030.961 3687.622 948.446 3644.262 955.034
P1240 0.00202 1464.6 3838.031 1521.459 3778.395 1481.508 3740.304 1424.649 3799.941
P1240 0.00109 2982.641 2460.74 3009.178 2395.167 2961.509 2375.875 2934.972 2441.449
P1342 0.01589 2581.602 1745.868 2590.783 1645.677 2526.714 1639.805 2517.532 1739.996
P1342 0.01521 1694.144 1199.862 1682.749 1089.323 1505.528 1107.591 1516.923 1218.13
P1342 0.01044 245.482 515.536 291.545 495.626 243.997 385.619 197.934 405.529
P1342 0.00716 2652.35 1806.02 2734.492 1707.934 2683.01 1664.82 2600.868 1762.906
P1342 0.00685 545.306 2960.646 573.545 2919.297 528.135 2888.285 499.896 2929.634
P1342 0.00678 2747.066 1962.924 2771.5 1911.81 2712.735 1883.719 2688.302 1934.834
P1342 0.00647 2717.674 1972.495 2787.899 1949.093 2769.02 1892.437 2698.794 1915.84
P1342 0.0055 47.268 475.988 79.87 467.487 63.74 405.625 31.138 414.126
P1373 0.28538 2990.318 143.865 2991.691 -6.584 2897.822 -7.442 2896.448 143.008
P1373 0.01578 3001.604 261.071 3000.906 170.444 2956.182 170.788 2956.881 261.415
P1373 0.0064 3393.567 2636.317 3482.59 2576.944 3452.151 2531.304 3363.128 2590.677
P1373 0.00496 2937.959 246.033 2939.427 164.981 2904.347 164.346 2902.879 245.397
P1356 0.05617 28.926 3056.888 89.342 3043.559 80.61 3003.979 20.194 3017.308
P1356 0.02601 18.504 3033.164 71.829 3023.561 53.646 2922.589 0.321 2932.191
P1356 0.00392 36.729 3026.318 94.687 3003.721 62.183 2920.352 4.225 2942.949
P0385 0.16267 880.542 850.373 891.042 579.632 579.025 567.531 568.525 838.273
P2794 0.05545 1553.746 1173.006 1729.248 703.652 1268.783 531.474 1093.281 1000.827
P2766 0.21855 5185.601 157.336 5187.75 12.622 4657.559 4.749 4655.411 149.463
P2766 0.02351 5203.35 125.892 5202.419 12.514 4876.191 15.192 4877.122 128.57
P2766 0.00301 4321.542 175.656 4326.483 4.248 4156.096 -0.664 4151.156 170.745
P0673 0.94716 912.937 425.741 1085.333 22.898 846.907 -79.137 674.51 323.707
P0673 0.00172 863.348 416.578 901.243 21.556 570.886 -10.136 532.991 384.886
P2582 0.9681 1205.543 775.581 1341.087 399.419 1083.709 306.677 948.165 682.839
P2582 0.96143 896.457 1178.639 1072.311 761.818 772.065 635.146 596.211 1051.968
P2582 0.95487 418.387 992.76 601.731 549.706 321.248 433.637 137.904 876.691
P2582 0.95381 1261.661 1308.734 1418.253 917.453 1163.115 815.346 1006.523 1206.628
P2582 0.94965 1487.149 886.403 1628.936 512.966 1373.77 416.084 1231.983 789.521
P0161 0.00141 2615.884 2711.711 2623.219 2574.918 2534.979 2570.187 2527.643 2706.979
P1471 0.84759 780.179 2574.786 779.659 2173.942 588.141 2174.19 588.66 2575.034
P1471 0.73652 2475.182 1333.765 2477.976 903.661 2227.299 902.033 2224.505 1332.137
P1471 0.00777 156.059 2812.46 169.71 2691.054 25.028 2674.786 11.377 2796.192
P1471 0.00125 4203.95 4638.578 4205.507 4479.649 4103.283 4478.647 4101.725 4637.576
P1471 0.0012 163.163 2773.404 167.593 2652.535 16.824 2647.01 12.394 2767.878
P1471 0.00107 4054.459 4634.368 4054.227 4478.941 3958.115 4479.085 3958.346 4634.512
P1377 0.27605 884.878 441.96 891.365 60.952 588.695 55.799 582.207 436.807
P1377 0.23923 2390.611 3976.783 2407.16 3887.606 2315.896 3870.67 2299.348 3959.847
P1377 0.16246 1221.873 517.481 1227.566 99.067 952.654 95.326 946.96 513.74
P1377 0.15354 3140.418 3840.13 3225.067 3789.066 3165.112 3689.678 3080.463 3740.743
P1377 0.01735 1212.522 633.019 1212.33 501.893 975.781 502.239 975.973 633.365
P1377 0.00745 2562.071 4080.968 2568.057 3963.222 2328.269 3951.032 2322.283 4068.778
P1377 0.00741 1065.568 3173.293 1065.687 2972.567 807.646 2972.414 807.527 3173.141
P1377 0.00383 2704.294 3765.047 2709.851 3719.652 2625.745 3709.357 2620.188 3754.752
P1377 0.00326 2477.285 3978.582 2488.951 3899.375 2435.014 3891.431 2423.348 3970.638
P1377 0.00318 2429.024 3966.289 2442.179 3878.903 2348.298 3864.77 2335.143 3952.156
P1380 0.05935 4195.274 3637.185 4456.19 3554.873 4311.849 3097.333 4050.933 3179.645
P1380 0.00994 2726.094 2667.139 2888.811 2555.379 2826.472 2464.617 2663.755 2576.377
P1380 0.00693 4003.367 3055.183 4367.33 2843.226 4233.685 2613.737 3869.722 2825.695
P1380 0.00314 4020.489 957.689 4048.818 809.762 3933.815 787.738 3905.486 935.665
P1380 0.0011 3286.54 4758.288 3290.332 4641.085 2938.84 4629.712 2935.048 4746.915
P2754 0.82475 1668.531 993.444 1744.059 742.888 1384.839 634.604 1309.311 885.161
P2754 0.05397 2755.726 2343.986 2755.358 2218.805 2445.129 2219.716 2445.497 2344.897
P2754 0.00299 368.05 3811.127 556.154 3559.412 256.043 3335.143 67.939 3586.857
P2754 0.0019 2759.347 1476.122 2795.35 1323.682 2528.615 1260.685 2492.612 1413.125
P2754 0.00161 2469.819 219.791 2474.572 11.293 2381.449 9.171 2376.696 217.668
P2754 0.00152 1278.058 1647.474 1322.012 1477.466 1256.762 1460.596 1212.808 1630.604
P2754 0.00148 1222.641 646.279 1250.735 554.608 1207.557 541.376 1179.463 633.046
P2754 0.00129 2294.337 775.957 2308.922 648.419 1991.711 612.143 1977.125 739.681
P2481 0.00171 1746.547 213.519 1747.888 166.537 1667.715 164.249 1666.375 211.231
P0382 0.00119 1020.157 723.526 1030.445 536.852 833.768 526.012 823.48 712.687
P2488 0.0013 1507.389 65.335 1557.151 40.007 1526.717 -19.787 1476.955 5.541
P2488 0.00127 1487.175 92.241 1505.209 78.036 1483.528 50.509 1465.494 64.713
P2488 0.0012 1500.867 76.046 1532.389 57.336 1506.372 13.502 1474.85 32.211
P0396 0.00132 1093.767 233.295 1094.263 -17.301 1030.115 -17.428 1029.619 233.168
P1376 0.01021 4561.624 2196.699 4627.412 2180.471 4591.469 2034.76 4525.681 2050.988
P1376 0.00434 98.23 5223.304 743.388 5001.524 495.218 4279.595 -149.94 4501.375
P0466 0.93715 1291.324 389.798 1419.923 76.275 927.933 -125.527 799.333 187.996
P1786 0.41398 1317.61 1392.894 1524.417 1183.682 1217.806 880.594 1010.998 1089.805
P1786 0.18235 342.102 3415.604 696.482 3263.712 465.9 2725.74 111.52 2877.632
P1786 0.10006 647.665 3229.49 853.42 3163.537 737.714 2802.572 531.959 2868.526
P1786 0.0333 2359.046 1903.208 2494.17 1776.031 2369.383 1643.447 2234.259 1770.624
P1786 0.01427 2315.311 1864.977 2449.471 1728.998 2372.837 1653.39 2238.677 1789.369
P1786 0.00835 1965.349 1182.887 2154.714 1157.646 2096.653 722.047 1907.287 747.288
P2394 0.00984 1330.177 95.975 1342.015 51.951 1312.059 43.896 1300.222 87.921
P2394 0.00275 1341.549 99.146 1353.36 52.519 1320.182 44.114 1308.37 90.742
P2394 0.002 387.38 96.651 397.218 67.973 363.078 56.261 353.24 84.939
P2394 0.0015 526.818 473.441 528.756 434.758 506.051 433.621 504.113 472.304
P2394 0.00142 386.983 152.673 388.976 126.884 321.377 121.659 319.384 147.448
P2394 0.00134 1289.779 1045.719 1300.769 1019.682 1263.258 1003.849 1252.268 1029.885
P1410 0.01784 2301.743 2769.528 2305.274 2710.771 2239.694 2706.831 2236.163 2765.588
P1410 0.00751 2880.242 3572.2 2879.353 3384.98 2679.682 3385.928 2680.571 3573.148
P1410 0.00732 4077.165 1125.903 4082.935 1030.33 3979.39 1024.078 3973.619 1119.651
P1410 0.00723 5351.585 5937.388 5353.543 5601.225 5199.221 5600.327 5197.263 5936.49
P1410 0.00592 5357.067 5975.737 5350.783 5413.281 5194.413 5415.028 5200.697 5977.484
P1410 0.00297 2270.841 4954.397 2270.606 4781.63 2098.248 4781.864 2098.483 4954.632
P1410 0.00248 170.173 218.611 183.589 29.139 -15.991 15.008 -29.407 204.48
P1410 0.00234 3935.962 1167.716 3935.729 1058.903 3830.248 1059.129 3830.482 1167.943
P1410 0.00204 272.567 5982.074 281.863 5807.891 -32.821 5791.096 -42.118 5965.279
P1410 0.00174 103.459 2362.808 102.125 1977.625 2.269 1977.971 3.603 2363.153
P1410 0.00173 1783.411 3467.096 1785.281 3302.717 1624.046 3300.883 1622.177 3465.262
P1410 0.00169 700.899 119.571 724.21 23.87 635.114 2.168 611.803 97.869
P1410 0.00166 180.482 106.523 185.832 -12.831 -10.918 -21.651 -16.269 97.703
P1410 0.00156 4987.811 2356.121 4991.483 1934.484 4748.497 1932.368 4744.825 2354.005
P1410 0.0015 545.106 115.811 564.45 38.031 482.459 17.64 463.116 95.42
P1410 0.00146 1761.405 4601.606 1763.916 4444.739 1606.738 4442.222 1604.227 4599.089
P1410 0.00118 5352.721 5950.301 5359.229 5779.704 5181.036 5772.905 5174.527 5943.502
P1410 0.00112 1315.12 658.63 1480.888 439.055 1205.505 231.154 1039.736 450.729
P0499 0.28314 644.972 463.625 676.272 -5.93 156.048 -40.607 124.748 428.948
P2446 0.0337 923.322 95.233 926.22 5.163 779.831 0.452 776.933 90.522
P2446 0.01994 333.659 2336.598 355.367 2172.472 161.132 2146.781 139.424 2310.907
P2446 0.00119 398.844 141.25 396.654 5.084 234.678 7.688 236.867 143.854
P1584 0.00764 2571.901 4144.952 2671.719 4121.507 2621.248 3906.618 2521.429 3930.062
P1584 0.00675 1662.664 3725.798 1894.507 3651.709 1854.649 3526.98 1622.806 3601.069
P1584 0.00528 84.904 3208.582 214.19 3170.558 191.485 3093.359 62.199 3131.383
P1584 0.00252 1295.61 2656.778 1364.564 2636.433 1321.196 2489.448 1252.243 2509.793
P1584 0.00182 163.104 3202.214 265.966 3170.556 243.259 3096.778 140.397 3128.437
P1584 0.00145 972.796 2709.112 1024.971 2698.662 1002.692 2587.432 950.517 2597.883
P2462 0.00476 1741.011 2219.742 1750.937 2159.347 1672.635 2146.479 1662.709 2206.874
P2539 0.01818 450.526 205.469 497.314 200.673 487.794 107.811 441.006 112.607
P2539 0.00282 100.018 239.779 102.104 206.546 62.463 204.057 60.377 237.291
P2539 0.0022 19.592 292.145 26.502 190.763 -2.632 188.777 -9.543 290.159
P2539 0.0022 110.3 190.1 115.656 125.557 75.687 122.241 70.332 186.784
P2539 0.0012 49.185 251.879 52.096 211.214 27.135 209.427 24.224 250.092
P2542 0.02388 2072.395 2471.293 2089.378 2401.324 1955.618 2368.858 1938.635 2438.827
P2542 0.02211 802.441 979.34 889.504 874.829 831.275 826.321 744.212 930.832
P2542 0.01442 695.646 1169.65 780.418 1029.096 703.483 982.694 618.71 1123.248
P2542 0.0092 798.68 2418.762 838.022 2415.363 831.314 2337.716 791.971 2341.115
P2542 0.00506 939.769 60.253 965.692 55.491 955.913 2.268 929.991 7.03
P2542 0.00357 788.984 1009.74 828.441 958.73 764.061 908.93 724.604 959.94
P2542 0.00241 912.089 146.195 946.12 136.323 934.933 97.761 900.902 107.633
P2542 0.00188 893.362 151.832 925.865 143.027 914.81 102.219 882.307 111.024
P2542 0.00173 2073.243 2494.544 2078.661 2462.702 1985.256 2446.809 1979.838 2478.65
P2542 0.00112 189.936 489.095 217.915 433.887 175.428 412.355 147.449 467.563
P0130 0.40541 479.211 515.26 481.04 402.557 427.07 401.681 425.24 514.384
P0130 0.00813 97.607 16.705 97.872 3.858 72.215 3.329 71.95 16.175
P0130 0.00175 553.238 545.351 553.87 512.262 521.059 511.636 520.427 544.725
P0130 0.00131 292.771 334.218 283.489 316.662 245.907 336.532 255.189 354.088
P0130 0.00128 298.929 28.613 299.099 10.103 258.143 9.726 257.973 28.236
P2455 0.00744 48.462 1274.79 89.684 1269.541 81.071 1201.91 39.85 1207.159
P2455 0.00368 1.654 1304.531 34.205 1301.116 25.075 1214.091 -7.476 1217.506
P2455 0.00148 38.099 1225.715 91.068 1217.969 86.587 1187.327 33.618 1195.073
P2455 0.00117 51.263 1185.792 120.43 1173.279 113.949 1137.457 44.783 1149.969
P2455 0.00112 18.856 1295.215 66.094 1287.69 52.693 1203.57 5.456 1211.095
P2012 0.68127 319.424 112.22 320.299 59.539 224.862 57.954 223.987 110.635
P2012 0.00275 272.282 107.271 276.33 65.556 227.94 60.861 223.892 102.575
P2012 0.00133 267.469 23.06 267.586 3.484 212.475 3.157 212.359 22.733
P2126 0.00284 199.618 114.689 201.2 -11.699 -3.664 -14.263 -5.245 112.125
P2126 0.00228 463.832 64.113 464.97 -4.964 252.292 -8.468 251.154 60.608
P1754 0.00383 1078.348 59.504 1085.289 10.194 1015.25 0.335 1008.309 49.645
P1754 0.00124 1126.022 54.754 1130.8 6.871 1092.86 3.085 1088.081 50.967
P1754 0.00105 1655.938 89.741 1695.494 75.632 1666.952 -4.384 1627.396 9.725
P2342 0.00579 119.879 1765.854 140.913 1650.225 80.724 1639.276 59.69 1754.905
P1770 0.00881 3945.599 854.583 4004.123 834.002 3966.879 728.093 3908.354 748.674
P1770 0.00537 518.246 3640.193 522.635 3507.205 449.27 3504.783 444.881 3637.772
P1770 0.00459 3124.973 4295.448 3215.578 4265.951 3196.805 4208.29 3106.201 4237.787
P1770 0.00218 3950.506 874.233 3997.377 853.004 3953.609 756.369 3906.738 777.598
P1770 0.00151 2487.153 80.936 2508.98 19.146 2459.669 1.726 2437.841 63.517
P1598 0.02454 2140.368 4818.058 2259.88 4778.932 2236.618 4707.878 2117.106 4747.004
P1598 0.00862 2141.866 4853.927 2271.719 4825.331 2259.108 4768.064 2129.255 4796.661
P1598 0.00553 719.014 3057.097 732.758 2992.274 637.841 2972.15 624.098 3036.973
P1598 0.00414 2162.628 4855.568 2261.532 4839.194 2255.001 4799.748 2156.098 4816.122
P1598 0.00345 2424.887 4709.105 2481.222 4662.562 2447.282 4621.482 2390.948 4668.025
P1598 0.00264 2195.497 2602.855 2242.488 2425.971 2163.83 2405.075 2116.839 2581.959
P1598 0.00221 3384.174 2558.155 3539.385 2500.568 3498.431 2390.185 3343.22 2447.772
P1596 0.02785 588.657 1988.84 644.907 1911.577 501.76 1807.361 445.51 1884.624
P1596 0.01212 401.681 519.387 452.883 423.711 393.832 392.11 342.631 487.786
P1596 0.00391 465.667 577.184 491.549 505.315 436.513 485.495 410.631 557.364
P1596 0.00137 4153.593 1802.524 4160.876 1590.977 3846.407 1580.151 3839.124 1791.697
P1596 0.00121 1831.746 3462.367 1846.317 3394.68 1806.64 3386.138 1792.069 3453.825
P1672 0.03253 3944.77 1643.67 3998.949 1578.759 3858.845 1461.819 3804.666 1526.73
P1672 0.00326 1596.747 954.637 1627.612 867.417 1567.031 845.979 1536.167 933.199
P1672 0.00282 1574.125 123.495 1637.915 58.907 1542.783 -35.049 1478.993 29.539
P1672 0.00201 3777.079 1543.509 3806.013 1490.5 3773.035 1472.499 3744.1 1525.508
P1672 0.00184 1579.896 989.314 1622.986 887.121 1564.469 862.448 1521.38 964.64
P1672 0.00147 1564.82 956.74 1602.74 858.158 1536.999 832.871 1499.079 931.452
P1672 0.00145 3858.474 1643.018 3887.787 1596.584 3816.432 1551.538 3787.119 1597.972
P1679 0.00478 2229.043 168.399 2361.01 63.947 2314.955 5.76 2182.989 110.212
P1679 0.00448 1044.391 154.165 1115.612 110.599 1047.124 -1.362 975.904 42.205
P1679 0.00276 2197.463 127.453 2307.834 39.61 2265.305 -13.827 2154.934 74.017
P1679 0.00262 789.645 3283.138 924.27 3177.809 871.114 3109.868 736.488 3215.198
P1679 0.00232 2177.077 107.243 2264.829 31.208 2224.268 -15.604 2136.516 60.431
P1679 0.0012 96.896 337.02 519.79 296.612 501.491 105.101 78.597 145.509
P1679 0.00111 167.876 3656.067 166.684 3443.14 54.775 3443.767 55.967 3656.694
P1919 0.00714 646.632 24.047 647.187 -0.031 570.512 -1.797 569.957 22.281
P2429 0.11242 10.11 2644.73 123.598 2630.027 116.159 2572.615 2.672 2587.319
P2429 0.00187 267.48 2824.399 273.026 2742.134 202.732 2737.395 197.186 2819.66
P2429 0.0014 2098.128 465.122 2140.874 344.605 2074.177 320.948 2031.431 441.465
P2231 0.00457 1745.278 2158.596 1749.852 2007.969 1689.271 2006.13 1684.697 2156.757
P2231 0.00401 1754.297 2140.457 1760.616 1821.744 1685.522 1820.255 1679.203 2138.968
P1432 0.19051 1861.123 1172.274 1860.552 1065.28 1784.628 1065.685 1785.199 1172.679
P1432 0.05381 1752.443 1185.508 1758.016 873.134 1592.759 870.185 1587.185 1182.559
P1432 0.00707 1860.363 1130.765 1859.146 970.56 1775.663 971.194 1776.88 1131.399
P1432 0.00684 2742.599 1552.27 2933.955 1538.202 2925.958 1429.411 2734.602 1443.478
P1432 0.00314 2149.47 4247.804 2152.548 4187.078 2061.154 4182.445 2058.076 4243.171
P1432 0.00286 1870.466 1254.541 1869.445 1168.607 1770.661 1169.779 1771.682 1255.714
P1432 0.00273 1598.372 2703.128 1627.685 2502.835 1544.526 2490.665 1515.213 2690.957
P1432 0.00251 234.861 2987.245 363.62 2944.346 271.05 2666.501 142.291 2709.399
P1432 0.00172 1389.941 4220.986 1392.552 4181.097 1301.848 4175.16 1299.237 4215.05
P2194 0.96187 898.64 1791.241 908.207 1389.184 704.448 1384.336 694.882 1786.393
P2194 0.9407 1419.387 1951.597 1670.481 1950.667 1669.042 1561.992 1417.948 1562.922
P2194 0.8498 298.046 1666.741 409.514 1308.644 182.208 1237.888 70.74 1595.985
P2194 0.18053 1213.958 1942.032 1402.121 1916.168 1380.09 1755.888 1191.927 1781.752
P2194 0.14212 1492.672 1653.361 1611.625 1630.356 1595.79 1548.478 1476.837 1571.484
P2194 0.0284 1642.325 1633.888 1643.112 1580.814 1454.944 1578.023 1454.156 1631.097
P2194 0.00141 947.258 1930.659 956.106 1826.852 687.169 1803.927 678.32 1907.734
P2449 0.66425 77.698 2161.344 85.196 2022.885 2.577 2018.411 -4.92 2156.87
P2449 0.01822 1762.3 1787.173 1788.487 1559.495 1693.151 1548.529 1666.964 1776.208
P2408 0.90157 1239.843 1979.708 1313.715 1950.319 1266.311 1831.166 1192.439 1860.555
P2408 0.57756 1094.452 1838.263 1159.118 1813.548 1125.803 1726.381 1061.138 1751.095
P2408 0.19349 1232.85 1766.548 1274.635 1751.221 1246.721 1675.124 1204.937 1690.451
P2408 0.04425 1309.094 2148.593 1370.327 2122.584 1330.877 2029.709 1269.645 2055.718
P2408 0.03672 976.318 1519.141 1073.55 1484.84 1033.207 1370.484 935.976 1404.785
P2408 0.03499 1168.907 1714.492 1250.284 1683.149 1183.159 1508.873 1101.782 1540.217
P2408 0.01011 1179.872 1802.893 1234.953 1775.264 1186.723 1679.112 1131.642 1706.741
P2408 0.00403 1261.898 1948.196 1317.625 1921.905 1270.405 1821.817 1214.678 1848.108
P2408 0.00147 1166.105 1712.284 1227.903 1688.551 1188.03 1584.726 1126.231 1608.459
P2408 0.0011 1101.575 1696.526 1135.129 1685.109 1112.435 1618.408 1078.881 1629.825
P0665 0.24003 653.777 871.615 810.556 659.481 479.346 414.696 322.566 626.829
P0665 0.17595 137.22 1675.381 143.858 1471.389 -4.781 1466.552 -11.419 1670.544
P0665 0.05412 901.904 486.937 1003.905 349.581 728.021 144.709 626.02 282.065
P0665 0.02283 1259.322 1753.195 1349.975 1441.151 963.607 1328.907 872.955 1640.951
P0665 0.00181 363.787 1056.534 384.423 798.574 127.463 778.018 106.827 1035.978
P2044 0.01275 462.87 361.602 461.908 160.156 433.13 160.294 434.092 361.739
P2011 0.93124 391.322 804.716 395.725 399.968 202.21 397.863 197.806 802.611
P2011 0.00307 821.962 711.581 868.423 709.704 862.395 560.457 815.934 562.333
P2011 0.00127 304.957 1083.009 305.097 963.841 192.922 963.709 192.782 1082.878
P2504 0.34677 1147.262 616.553 1233.658 601.242 1205.877 444.488 1119.481 459.8
P2504 0.25599 1323.803 484.398 1392.268 471.217 1369.149 351.136 1300.684 364.318
P2504 0.01964 1252.063 425.883 1302.244 414.491 1291.901 368.93 1241.721 380.321
P2504 0.00189 365.313 2197.624 441.302 2148.8 363.152 2027.169 287.163 2075.993
P2504 0.00128 331.253 2201.098 400.176 2141.276 318.531 2047.21 249.608 2107.032
P2129 0.03083 796.12 529.922 979.42 313.451 596.477 -10.813 413.177 205.657
P2121 0.90733 292.81 843.543 508.478 826.574 477.665 434.948 261.997 451.917
P2121 0.0072 552.407 213.18 628.791 -11.617 303.122 -122.276 226.738 102.521
P2121 0.00188 706.358 330.157 711.595 172.019 547.78 166.594 542.543 324.732
P0402 0.25783 644.333 828.242 635.123 585.961 487.535 591.572 496.745 833.852
P0402 0.14492 466.87 849.04 459.793 618.687 197.727 626.738 204.804 857.091
P0402 0.00137 624.844 76.71 625.135 23.402 603.842 23.286 603.55 76.594
P2375 0.16959 832.331 675.707 938.175 638.662 885.543 488.284 779.699 525.33
P2593 0.95438 595.284 567.761 858.112 543.476 820.908 140.83 558.08 165.115
P2593 0.9283 176.592 825.354 472.787 794.268 426.694 355.082 130.499 386.168
P2593 0.09649 273.949 70.728 384.893 54.487 373.463 -23.592 262.519 -7.35
P2593 0.01038 145.72 75.058 181.637 69.844 171.642 0.992 135.724 6.206
P2593 0.00749 771.86 49.004 770.204 -35.014 473.156 -29.156 474.813 54.862
P2593 0.00522 2.149 1156.609 93.2 1152.284 82.012 916.751 -9.04 921.076
P2593 0.00323 207.215 78.21 266.473 70.774 257.587 -0.041 198.329 7.395
P2593 0.00234 187.68 80.144 230.951 73.283 218.437 -5.644 175.166 1.217
P2593 0.00134 103.609 81.421 147.11 69.823 128.309 -0.693 84.808 10.905
P2768 0.92044 852.015 2057.636 859.405 1862.662 731.265 1857.806 723.875 2052.779
P1492 0.50855 695.058 1173.227 690.937 570.302 241.961 573.371 246.082 1176.296
P1492 0.00132 661.324 1342.228 665.242 772.058 293.009 769.5 289.091 1339.67
P2595 0.95524 157.832 1371.35 428.857 1345.998 390.599 937.007 119.575 962.359
P2595 0.9494 643.77 821.915 926.915 801.227 896.788 388.892 613.643 409.58
P2595 0.04074 1005.495 1219.558 1007.863 1017.115 887.093 1015.702 884.725 1218.145
P2595 0.00967 939.646 814.61 1029.614 807.927 996.354 360.142 906.386 366.825
P2595 0.00403 985.377 123.785 985.244 8.39 928.445 8.456 928.579 123.85
P2595 0.00266 666.362 1250.429 700.303 1245.287 687.406 1160.159 653.465 1165.301
P2595 0.00146 24.431 676.934 53.899 672.931 45.173 608.691 15.705 612.694
P2595 0.00107 988.4 839.985 1166.461 640.478 947.6 445.143 769.539 644.649
P2595 0.00105 199.9 1368.375 395.142 1344.615 386.613 1274.531 191.372 1298.291
P0368 0.9491 369.316 1161.024 655.89 827.313 447.671 648.506 161.098 982.217
P0368 0.00478 810.818 675.941 810.004 537.68 738.417 538.101 739.232 676.363
P0659 0.00113 308.66 73.506 413.727 41.285 394.658 -20.895 289.591 11.326
P2027 0.04206 1037.567 445.669 1182.52 439.754 1164.582 0.118 1019.629 6.032
P2027 0.00975 945.781 497.055 1240.082 476.849 1205.986 -19.75 911.686 0.456
P0047 0.73954 499.342 635.996 520.677 277.895 286.328 263.932 264.992 622.033
P0047 0.02117 491.646 635.561 510.259 482.695 288.999 455.755 270.386 608.621
P0047 0.01015 488.474 486.519 521.324 309.22 298.794 267.99 265.945 445.29
P0047 0.00135 795.115 1439.511 954.449 1332.492 832.487 1150.911 673.152 1257.93
P0047 0.00112 697.136 1237.219 698.371 1111.126 578.636 1109.953 577.401 1236.046
P1474 0.00115 2673.107 5807.714 2711.913 5715.315 2573.931 5657.366 2535.125 5749.765
P1474 0.00112 2250.875 430.065 2325.183 408.284 2275.493 238.76 2201.184 260.541
P2580 0.97316 322.622 698.029 564.431 615.944 439.212 247.068 197.403 329.152
P2580 0.92203 833.727 1256.453 939.71 1161.109 800.282 1006.124 694.3 1101.468
P2580 0.73003 422.912 1092.944 754.115 935.817 660.844 739.214 329.641 896.341
P2580 0.05869 558.492 2023.268 795.736 1812.338 670.527 1671.509 433.283 1882.439
P2580 0.0026 628.936 978.763 746.815 909.586 630.312 711.06 512.433 780.237
P0242 0.00203 383.225 301.223 386.217 30.918 -20.136 26.421 -23.127 296.726
P1184 0.02046 1650.983 6221.54 1663.626 6123.366 1483.169 6100.126 1470.526 6198.3
