P2085 0.95808 959.159 358.855 991.202 148.101 862.619 128.552 830.576 339.305
P2085 0.95466 747.845 345.501 781.286 122.93 648.823 103.028 615.382 325.599
P2085 0.94597 592.855 323.824 625.189 108.721 499.837 89.878 467.503 304.981
P2085 0.00893 1213.868 231.863 1213.796 125.715 1172.445 125.744 1172.517 231.891
P2085 0.00507 810.41 311.26 831.345 130.477 769.474 123.312 748.539 304.095
P2085 0.00325 1213.217 197.226 1218.058 100.783 1172.917 98.517 1168.076 194.961
P2085 0.00188 1217.88 375.603 1258.738 289.069 1167.94 246.197 1127.082 332.732
P2085 0.00186 1223.666 244.123 1223.914 150.267 1194.09 150.189 1193.843 244.044
P2085 0.0018 1051.315 503.236 1170.228 467.629 1112.998 276.506 994.085 312.113
P2085 0.00163 1038.58 418.347 1141.09 393.681 1110.632 267.101 1008.122 291.767
P2085 0.00145 1228.713 450.442 1234.665 203.364 1125.005 200.723 1119.053 447.8
P2085 0.00142 1014.604 25.182 1014.22 -2.808 924.247 -1.573 924.631 26.417
P2271 0.00204 3866.143 2570.259 3921.431 2462.447 3854.035 2427.885 3798.747 2535.696
P2721 0.00406 2319.567 608.264 2373.51 571.642 2354.246 543.268 2300.303 579.89
P2168 0.72553 1031.349 988.847 1034.066 932.26 924.589 927.004 921.873 983.591
P2168 0.12843 1106.169 1014.869 1114.776 935.654 1041.971 927.744 1033.364 1006.959
P2168 0.03897 341.242 888.855 341.51 799.779 299.955 799.654 299.687 888.73
P2168 0.03473 1760.383 791.114 1758.745 708.884 1718.248 709.69 1719.886 791.92
P2168 0.02973 1020.614 1024.173 1021.769 990.214 920.567 986.771 919.412 1020.731
P2168 0.02424 613.418 889.737 617.156 806.348 574.639 804.442 570.901 887.832
P2168 0.01659 1151.537 1000.094 1158.776 935.976 1087.989 927.985 1080.75 992.102
P2168 0.01535 1161.859 992.526 1168.089 935.735 1128.142 931.353 1121.912 988.144
P2168 0.01141 1724.137 804.665 1724.013 717.388 1671.702 717.463 1671.826 804.74
P2168 0.00939 1113.216 980.28 1118.903 930.488 1041.811 921.682 1036.124 971.475
P2168 0.00752 1940.243 810.626 1941.907 766.853 1908.702 765.59 1907.038 809.363
P2168 0.00626 1701.399 818.893 1730.469 767.857 1684.391 741.611 1655.321 792.646
P2168 0.0055 1798.849 974.936 1796.795 879.541 1749.591 880.557 1751.645 975.953
P2168 0.0042 1038.857 888.428 1039.43 808.405 954.83 807.798 954.256 887.821
P2168 0.00388 1155.536 1034.47 1164.5 962.423 1112.408 955.942 1103.444 1027.989
P2168 0.00203 1760.922 818.906 1762.149 789.099 1738.189 788.112 1736.962 817.92
P2168 0.00199 1745.455 818.028 1751.451 751.745 1708.917 747.898 1702.922 814.181
P2168 0.00193 561.495 885.506 563.943 801.056 517.835 799.72 515.387 884.169
P2168 0.0019 1938.114 860.958 1938.825 822.81 1905.899 822.196 1905.188 860.344
P2168 0.00169 1749.512 822.373 1752.782 781.914 1723.965 779.585 1720.695 820.044
P2168 0.00135 1036.556 1056.39 1037.33 1022.085 952.666 1020.175 951.892 1054.48
P2168 0.00125 1864.343 866.893 1865.653 828.521 1826.677 827.19 1825.367 865.562
P2168 0.00124 1919.569 811.852 1921.064 765.108 1887.405 764.032 1885.91 810.775
P2168 0.00121 1230.436 975.365 1231.867 953.622 1179.25 950.16 1177.819 971.902
P2331 0.0097 1467.775 1097.939 1489.212 1067.132 1440.562 1033.281 1419.126 1064.087
P2331 0.00946 1545.337 1844.948 1547.206 1800.258 1521.915 1799.2 1520.046 1843.89
P2331 0.00926 761.862 1787.155 762.967 1729.139 734.129 1728.59 733.025 1786.606
P2331 0.00791 796.475 1784.339 796.472 1723.79 769.326 1723.792 769.329 1784.34
P2331 0.00679 1439.524 695.7 1441.393 663.034 1409.05 661.184 1407.181 693.85
P2331 0.00603 1600.759 1837.222 1603.493 1800.072 1566.923 1797.381 1564.189 1834.531
P2331 0.00602 1696.86 618.304 1698.364 567.259 1660.668 566.149 1659.164 617.193
P2331 0.00589 1687.966 619.867 1690.09 565.598 1648.424 563.967 1646.299 618.236
P2331 0.00588 1500.321 1833.281 1502.344 1788.81 1479.576 1787.774 1477.552 1832.245
P2331 0.00584 852.449 1779.527 853.425 1729.614 829.405 1729.144 828.429 1779.058
P2331 0.0056 67.572 875.569 81.498 829.66 29.935 814.019 16.009 859.928
P2331 0.00516 866.546 1791.172 866.982 1737.898 845.895 1737.726 845.459 1791.0
P2331 0.00508 1200.359 1508.217 1204.127 1465.997 1159.565 1462.02 1155.796 1504.239
P2331 0.00499 1644.026 620.242 1645.942 562.577 1610.461 561.398 1608.545 619.063
P2331 0.00471 606.143 1751.394 608.372 1703.159 579.971 1701.846 577.742 1750.081
P2331 0.00399 2138.249 1250.014 2163.366 1201.799 2141.611 1190.465 2116.493 1238.68
P2331 0.00391 1210.013 1495.891 1212.794 1444.232 1150.134 1440.859 1147.353 1492.518
P2331 0.0039 1742.948 1838.86 1744.185 1797.761 1720.716 1797.054 1719.478 1838.154
P2331 0.00317 1160.789 1531.677 1165.234 1493.611 1114.885 1487.731 1110.44 1525.797
P2331 0.00269 1471.883 695.704 1473.275 662.586 1446.524 661.461 1445.132 694.579
P2331 0.00266 645.569 1765.359 647.449 1723.949 621.941 1722.791 620.061 1764.201
P2331 0.00224 786.848 1434.898 787.856 1372.741 750.142 1372.13 749.134 1434.286
P2331 0.00218 1493.853 1112.694 1509.546 1074.08 1484.878 1064.055 1469.185 1102.669
P2331 0.00214 633.209 1781.072 636.258 1727.097 608.092 1725.505 605.043 1779.481
P2331 0.00207 62.416 939.862 73.928 906.761 26.472 890.257 14.96 923.358
P2331 0.002 1139.4 1488.877 1142.7 1440.602 1092.926 1437.199 1089.625 1485.474
P2331 0.00191 810.051 1787.488 810.441 1725.829 779.82 1725.636 779.431 1787.295
P2331 0.00174 1205.344 1150.618 1254.104 1107.677 1216.561 1065.048 1167.802 1107.989
P2331 0.00156 1458.272 1922.331 1459.726 1880.845 1441.028 1880.19 1439.574 1921.676
P2331 0.00154 1251.481 1810.012 1252.101 1763.29 1228.801 1762.98 1228.18 1809.703
P2331 0.00152 553.681 1759.223 555.27 1695.491 503.679 1694.205 502.09 1757.937
P0604 0.01936 1.808 103.204 141.437 80.233 126.505 -10.533 -13.124 12.437
P0604 0.00594 576.551 25.032 618.79 13.838 612.355 -10.443 570.115 0.752
P0604 0.00389 583.015 25.421 636.476 10.534 629.173 -15.693 575.712 -0.807
P0457 0.958 922.913 481.567 1073.38 390.999 1016.925 297.205 866.457 387.772
P0457 0.94944 751.201 571.098 901.548 484.867 848.321 392.065 697.975 478.296
P0228 0.00393 1255.441 162.361 1309.597 152.078 1289.35 45.443 1235.194 55.725
P0228 0.00113 487.279 127.796 483.934 -12.352 304.634 -8.074 307.978 132.074
P0491 0.54459 241.61 207.048 365.151 69.006 264.381 -21.178 140.841 116.864
P0491 0.07349 147.105 109.754 226.911 -13.416 110.726 -88.697 30.919 34.473
P0491 0.03849 420.883 80.718 468.48 10.184 357.978 -64.383 310.381 6.151
P0491 0.0213 400.828 89.565 445.245 20.719 360.632 -33.869 316.215 34.976
P0491 0.00742 288.875 109.464 346.512 38.107 287.723 -9.379 230.086 61.978
P0491 0.00528 74.228 340.917 150.81 235.717 21.683 141.716 -54.899 246.915
P0491 0.0049 45.308 314.529 75.966 218.058 -6.297 191.915 -36.955 288.386
P0491 0.00455 342.978 128.992 431.323 31.85 355.307 -37.283 266.962 59.859
P0491 0.00431 153.604 248.06 193.171 187.325 75.239 110.496 35.673 171.231
P0491 0.00227 490.651 63.14 511.827 -21.067 382.471 -53.596 361.295 30.611
P0491 0.00206 33.905 286.743 44.728 211.141 -28.423 200.67 -39.246 276.272
P0491 0.0017 28.34 335.885 46.799 212.682 -22.7 202.269 -41.16 325.472
P0491 0.00138 125.574 213.532 149.726 182.548 102.66 145.86 78.508 176.844
P0491 0.00131 128.6 420.237 179.118 264.788 9.028 209.512 -41.49 364.961
P0491 0.0013 148.631 494.283 232.681 330.787 41.962 232.742 -42.088 396.239
P0491 0.00115 183.691 287.832 232.71 224.093 141.908 154.259 92.888 217.998
P0491 0.00103 280.208 58.549 311.155 1.943 235.593 -39.368 204.646 17.239
P2547 0.00257 616.024 1494.101 619.288 1439.693 577.223 1437.17 573.959 1491.578
P2547 0.0017 636.914 1383.415 641.74 1340.913 600.687 1336.251 595.861 1378.753
P1903 0.0174 347.471 151.155 355.85 60.497 288.988 54.317 280.608 144.975
P1903 0.01439 405.787 131.954 410.805 63.913 362.093 60.321 357.075 128.361
P1903 0.01237 385.088 160.96 393.246 70.193 287.634 60.701 279.476 151.467
P1903 0.00702 338.315 34.876 339.576 9.265 281.757 6.419 280.497 32.03
P1903 0.00457 525.527 1201.85 534.79 1099.336 428.149 1089.699 418.885 1192.214
P2166 0.28361 359.764 294.094 360.768 184.214 295.422 183.617 294.418 293.496
P2166 0.11013 426.531 297.673 426.478 188.711 362.579 188.742 362.632 297.704
P2166 0.11005 300.973 303.882 306.248 176.792 219.719 173.201 214.444 300.291
P0146 0.13365 740.204 633.12 762.409 559.656 657.873 528.06 635.669 601.524
P0146 0.10981 750.492 525.441 765.07 479.479 672.456 450.105 657.878 496.067
P0833 0.95368 1333.219 575.49 1452.668 533.581 1378.332 321.709 1258.882 363.618
P0833 0.95015 446.628 417.018 551.185 333.819 413.143 160.341 308.586 243.54
P0833 0.94677 244.067 580.839 344.116 492.606 199.557 328.687 99.507 416.92
P0833 0.94392 558.545 327.674 656.889 247.99 515.603 73.618 417.259 153.302
P0833 0.937 658.882 244.978 755.003 170.435 618.919 -5.038 522.799 69.506
P0833 0.93139 1205.248 613.777 1318.122 571.251 1242.082 369.422 1129.208 411.948
P0833 0.92791 1410.824 808.581 1531.502 766.976 1457.806 553.217 1337.128 594.822
P0833 0.91693 345.913 485.642 435.208 405.047 294.735 249.411 205.44 330.006
P0833 0.01213 822.494 46.825 823.226 -18.27 713.763 -19.502 713.031 45.594
P0833 0.01145 1442.439 810.727 1539.917 760.375 1480.73 645.793 1383.252 696.146
P0833 0.00512 1296.747 730.656 1367.018 641.355 1292.352 582.601 1222.081 671.902
P0833 0.00231 999.542 46.396 1001.589 4.521 928.456 0.946 926.409 42.82
P0833 0.00163 1040.396 63.278 1043.082 -14.855 943.316 -18.284 940.63 59.849
P0833 0.00163 1023.493 36.094 1024.418 -16.921 914.242 -18.844 913.317 34.171
P0833 0.00153 689.109 79.971 732.091 34.785 667.986 -26.193 625.004 18.993
P0833 0.00122 1046.783 379.992 1123.351 355.888 1079.591 216.877 1003.023 240.981
P0833 0.00118 1126.216 351.543 1200.589 327.666 1157.289 192.791 1082.916 216.668
P0833 0.00107 1290.338 301.529 1365.792 277.601 1321.568 138.145 1246.114 162.073
P2502 0.01339 531.492 705.411 575.014 632.856 547.361 616.27 503.84 688.824
P2502 0.00946 450.658 659.64 494.203 585.795 451.444 560.581 407.9 634.426
P2502 0.00768 185.271 234.111 244.551 150.179 196.049 115.923 136.769 199.855
P2502 0.00654 490.485 771.935 509.403 743.362 481.973 725.2 463.055 753.773
P2502 0.00533 578.247 1848.403 589.899 1759.172 415.683 1736.421 404.031 1825.652
P2502 0.00392 546.78 168.898 599.307 84.653 435.873 -17.248 383.347 66.997
P2502 0.00315 463.182 200.962 484.475 162.597 431.526 133.21 410.233 171.574
P2502 0.00257 1147.687 224.404 1163.172 195.068 1141.983 183.884 1126.498 213.22
P2502 0.00247 92.37 434.053 160.606 289.577 61.669 242.849 -6.567 387.326
P2502 0.00215 716.374 158.216 732.791 135.053 695.347 108.516 678.931 131.679
P2502 0.00215 729.242 165.744 747.336 143.443 706.814 110.564 688.72 132.864
P2502 0.00168 714.43 182.764 731.663 160.601 695.658 132.605 678.425 154.768
P2502 0.00136 295.742 577.583 383.845 424.182 311.521 382.644 223.417 536.044
P2502 0.00135 1154.853 239.328 1169.417 216.883 1143.2 199.872 1128.637 222.317
P2502 0.00131 596.599 571.091 699.929 539.88 649.32 372.327 545.99 403.537
P2502 0.00122 1171.143 223.558 1186.295 200.763 1169.427 189.552 1154.275 212.347
P0815 0.35376 70.689 849.931 69.502 740.791 -25.008 741.819 -23.821 850.959
P0815 0.00387 100.751 847.618 90.519 659.11 -33.207 665.825 -22.975 854.334
P2587 0.20936 934.682 734.085 980.067 581.066 902.059 557.929 856.674 710.949
P2587 0.04007 1025.518 754.114 1063.222 613.591 980.922 591.509 943.218 732.032
P2587 0.03382 1114.252 781.251 1154.585 638.751 1080.435 617.764 1040.102 760.263
P2587 0.01151 765.143 701.62 816.553 517.213 723.456 491.258 672.046 675.665
P2587 0.00638 1552.733 643.657 1564.485 541.902 1475.318 531.604 1463.566 633.358
P2587 0.0036 901.571 722.923 948.651 556.111 892.197 540.178 845.117 706.99
P2587 0.00297 994.699 754.851 1033.837 602.163 914.492 571.572 875.354 724.26
P2587 0.00112 1633.478 410.425 1642.831 345.613 1586.905 337.542 1577.552 402.354
P1456 0.88766 763.16 1856.469 765.557 1656.403 649.367 1655.01 646.969 1855.076
P1456 0.885 399.225 1855.714 396.792 1649.646 272.744 1651.111 275.177 1857.179
P1456 0.88187 641.278 1853.334 639.667 1648.587 513.807 1649.577 515.418 1854.325
P1456 0.87947 470.953 1511.414 465.341 1295.991 343.451 1299.167 349.063 1514.589
P1456 0.87491 882.434 1854.494 880.656 1645.189 764.79 1646.173 766.568 1855.478
P1456 0.8733 515.969 1857.799 514.595 1643.607 403.678 1644.318 405.052 1858.51
P1456 0.86781 1008.045 1854.751 1006.153 1653.694 889.226 1654.794 891.118 1855.851
P1456 0.8652 348.987 1246.646 464.294 1245.411 462.222 1051.944 346.915 1053.18
P1456 0.85336 341.921 1025.038 457.092 1023.318 453.718 797.301 338.546 799.02
P1456 0.83322 249.43 1026.34 353.607 1025.407 351.632 804.915 247.455 805.848
P1456 0.18283 420.223 1054.859 418.603 782.306 302.517 782.996 304.137 1055.549
P1456 0.14251 260.75 1226.642 350.432 1224.091 346.204 1075.423 256.522 1077.974
P1456 0.12679 358.707 1511.035 356.998 1305.891 261.522 1306.687 263.231 1511.83
P1456 0.01007 293.215 1078.209 374.991 1025.896 297.7 905.074 215.924 957.387
P1456 0.00785 279.277 1416.748 382.001 1332.769 315.659 1251.617 212.934 1335.596
P1456 0.00743 419.615 1509.244 425.484 1258.906 301.193 1255.993 295.325 1506.331
P1456 0.00452 104.308 1093.837 103.171 929.275 8.607 929.929 9.744 1094.49
P1456 0.00451 92.442 919.502 92.386 835.668 12.257 835.721 12.312 919.555
P1456 0.00441 1005.23 1555.676 999.967 691.555 449.292 694.908 454.555 1559.03
P1456 0.0043 422.931 1260.806 420.861 1009.109 313.451 1009.993 315.52 1261.689
P1456 0.00344 274.974 1116.944 362.928 1101.761 336.77 950.217 248.815 965.399
P1456 0.00248 271.473 1315.752 355.425 1301.281 328.537 1145.296 244.585 1159.767
P1456 0.00229 147.003 920.873 148.591 829.75 76.635 828.496 75.046 919.618
P1456 0.00181 100.419 1042.228 100.095 912.947 7.538 913.178 7.861 1042.459
P1456 0.00169 110.388 903.33 110.944 796.742 7.086 796.2 6.529 902.787
P1456 0.00134 320.697 1149.177 391.006 1064.647 289.091 979.879 218.783 1064.409
P1456 0.00103 265.001 1837.684 269.364 1676.197 203.027 1674.404 198.663 1835.892
P0526 0.0086 150.69 705.688 151.27 625.913 95.873 625.51 95.294 705.286
P0526 0.00182 152.364 716.354 154.958 593.675 76.768 592.022 74.174 714.701
P0143 0.00199 45.942 23.283 46.328 3.895 38.7 3.744 38.315 23.131
P0143 0.00198 34.864 18.529 35.096 2.259 24.483 2.108 24.251 18.378
P2404 0.0099 1227.395 1333.822 1297.327 1255.891 1258.455 1221.01 1188.524 1298.941
P2404 0.00252 1240.094 147.912 1296.374 126.233 1271.158 60.77 1214.878 82.45
P2197 0.01015 1730.094 1545.041 1730.263 1465.895 1683.788 1465.796 1683.619 1544.942
P2197 0.00948 723.944 1652.491 729.42 1589.695 632.034 1581.204 626.558 1644.0
P2197 0.00777 2052.915 881.193 2060.461 802.357 1922.895 789.188 1915.349 868.024
P2197 0.00425 726.576 1631.388 730.708 1577.666 638.003 1570.534 633.87 1624.256
P2197 0.00391 2222.288 1191.679 2224.338 1150.625 2195.832 1149.202 2193.782 1190.256
P2197 0.00266 1660.727 1613.518 1670.89 1588.818 1636.741 1574.768 1626.578 1599.467
P2197 0.00212 872.595 1405.23 872.598 1317.014 826.514 1317.013 826.511 1405.229
P2197 0.00152 2225.241 1253.071 2228.547 1202.454 2187.815 1199.794 2184.509 1250.411
P2197 0.00145 738.386 1618.311 742.278 1575.984 690.616 1571.233 686.724 1613.56
P2197 0.00128 2219.021 1419.797 2225.376 1342.842 2162.129 1337.619 2155.774 1414.574
P2771 0.00152 1387.056 1683.082 1417.16 1668.163 1396.67 1626.821 1366.567 1641.741
P0027 0.00434 2196.865 1781.713 2227.769 1745.537 2180.61 1705.251 2149.707 1741.428
P0660 0.01661 209.97 916.738 276.466 878.738 248.935 830.56 182.438 868.56
P0660 0.00409 300.221 644.97 430.657 484.404 332.528 404.688 202.091 565.254
P1386 0.00242 273.708 2715.49 251.726 2584.512 177.114 2597.034 199.095 2728.012
P1230 0.00345 5192.632 3361.893 5199.951 3300.186 5152.19 3294.521 5144.871 3356.228
P1888 0.00448 651.174 560.727 652.118 527.142 611.706 526.007 610.763 559.592
P1888 0.00261 679.573 593.277 704.977 544.147 659.677 520.723 634.273 569.853
P1506 0.06627 886.787 560.318 988.238 542.598 964.09 404.351 862.638 422.072
P1506 0.03633 842.538 556.881 976.387 537.525 954.822 388.402 820.973 407.759
P1506 0.0309 759.477 549.672 915.656 525.009 896.636 404.564 740.457 429.227
P1506 0.0267 779.692 570.514 876.041 549.523 848.134 421.433 751.785 442.425
P1506 0.00535 1437.639 1961.226 1507.404 1927.25 1491.159 1893.892 1421.393 1927.869
P1506 0.00359 1557.542 1808.552 1612.576 1770.55 1542.218 1668.661 1487.184 1706.664
P1506 0.001 1479.226 1833.784 1599.594 1755.784 1518.878 1631.225 1398.51 1709.225
P2570 0.0032 23.595 510.714 21.621 325.021 -23.595 325.502 -21.621 511.195
P1463 0.91573 977.891 1386.219 1073.031 1209.851 973.547 1156.186 878.408 1332.553
P1463 0.90277 855.988 1322.71 941.23 1138.343 845.891 1094.262 760.649 1278.63
P1463 0.87547 1070.223 1184.593 1163.507 998.713 1062.478 948.012 969.194 1133.891
P1463 0.56517 950.088 1115.736 1042.254 924.173 941.038 875.475 848.871 1067.038
P1463 0.4134 2860.022 2787.406 2910.076 2672.974 2843.194 2643.719 2793.141 2758.152
P1463 0.37171 917.599 1541.06 970.602 1422.016 892.036 1387.036 839.033 1506.079
P1463 0.30378 785.46 1505.23 843.052 1373.437 762.586 1338.275 704.994 1470.068
P1463 0.21397 712.06 1670.888 763.928 1538.531 681.14 1506.088 629.272 1638.445
P1463 0.20139 833.151 1717.53 882.609 1589.289 803.424 1558.75 753.965 1686.991
P1463 0.15871 2755.4 2744.6 2817.534 2624.79 2756.459 2593.116 2694.324 2712.926
P1463 0.14928 3303.569 2238.152 3367.866 2097.92 3189.206 2016.003 3124.908 2156.235
P1463 0.06714 2931.76 2833.324 2994.56 2705.194 2928.855 2672.99 2866.056 2801.121
P1463 0.06133 2675.484 2709.084 2741.415 2588.102 2674.218 2551.481 2608.286 2672.464
P1463 0.06075 726.888 1655.569 808.161 1435.103 717.402 1401.645 636.129 1622.111
P1463 0.02991 3392.711 2051.664 3452.5 1937.579 3352.793 1885.325 3293.004 1999.41
P1463 0.01896 3533.956 2527.122 3611.196 2381.494 3521.425 2333.879 3444.184 2479.507
P1463 0.01289 919.259 1593.689 970.748 1441.594 862.492 1404.946 811.003 1557.041
P1463 0.01062 854.679 1707.888 939.242 1462.568 847.728 1431.023 763.165 1676.343
P1463 0.00761 3371.824 2089.481 3419.537 1988.913 3276.056 1920.841 3228.344 2021.409
P1463 0.00761 2911.984 2812.893 2965.634 2695.529 2899.052 2665.093 2845.402 2782.457
P1463 0.00659 652.11 1250.25 757.465 1004.477 618.748 945.014 513.394 1190.786
P1463 0.00417 3418.04 2252.926 3460.237 2133.907 3337.667 2090.451 3295.47 2209.47
P1463 0.0033 887.692 1534.421 951.207 1386.377 852.479 1344.019 788.964 1492.063
P1463 0.0029 2786.052 2757.258 2843.406 2634.031 2777.554 2603.382 2720.201 2726.609
P1463 0.00268 564.044 1346.338 675.018 1122.625 575.663 1073.339 464.689 1297.053
P1463 0.00256 3618.33 2263.694 3698.365 2134.871 3492.81 2007.163 3412.775 2135.987
P1463 0.00253 3475.813 2133.025 3526.927 2017.665 3441.521 1979.823 3390.407 2095.183
P1463 0.00251 3480.211 2125.039 3557.932 1968.759 3472.771 1926.407 3395.051 2082.687
P1463 0.00189 3397.884 2317.627 3478.013 2154.427 3251.339 2043.133 3171.21 2206.333
P1463 0.00177 906.713 1359.326 995.033 1180.14 918.852 1142.591 830.532 1321.777
P1463 0.00147 3527.157 2084.417 3588.502 1971.267 3503.557 1925.213 3442.211 2038.363
P1463 0.00142 2953.268 2852.944 3022.925 2719.292 2945.456 2678.917 2875.799 2812.569
P1463 0.0012 3378.071 2099.553 3481.527 1868.984 3212.291 1748.178 3108.834 1978.747
P1463 0.00119 3628.597 2134.403 3697.18 2034.054 3542.744 1928.505 3474.16 2028.853
P0131 0.73863 977.617 380.808 984.769 275.625 915.947 270.945 908.795 376.128
P0131 0.52731 1106.278 368.996 1106.144 264.766 1045.365 264.844 1045.499 369.074
P0131 0.37224 908.555 372.311 910.754 264.835 844.616 263.482 842.417 370.958
P1440 0.9079 396.706 1318.844 500.477 1271.293 413.159 1080.737 309.388 1128.288
P1440 0.90056 195.291 1172.412 297.985 1123.946 207.728 932.701 105.034 981.168
P1440 0.89014 285.673 1378.669 392.207 1331.439 304.474 1133.546 197.94 1180.776
P1440 0.88687 300.459 1113.41 402.188 1067.943 319.636 883.241 217.907 928.708
P1440 0.6154 508.25 1259.992 621.322 1215.933 536.452 998.124 423.38 1042.183
P1440 0.00476 1701.01 1265.663 1958.495 772.755 1714.087 645.082 1456.603 1137.989
P2393 0.0066 153.003 1033.348 168.439 1016.594 139.748 990.16 124.312 1006.913
P2393 0.00606 183.866 1012.468 202.84 991.142 166.994 959.252 148.021 980.578
P2393 0.00447 154.553 1026.866 170.982 1008.103 140.8 981.675 124.371 1000.438
P2393 0.00397 223.199 1057.591 254.014 1018.241 229.204 998.812 198.389 1038.161
P2393 0.00378 194.94 1021.211 212.858 1000.352 177.513 969.991 159.595 990.85
P2393 0.0032 112.046 995.363 138.408 962.138 119.54 947.168 93.178 980.393
P2393 0.0029 200.017 1022.17 218.18 999.363 190.392 977.233 172.229 1000.04
P2393 0.0029 156.117 986.963 170.6 967.739 148.535 951.116 134.053 970.34
P2393 0.00277 202.354 1026.971 222.845 1001.186 200.436 983.377 179.944 1009.162
P2393 0.00179 133.154 1151.909 212.886 1059.242 193.317 1042.404 113.585 1135.071
P2393 0.00121 114.789 1013.589 137.616 985.629 121.431 972.415 98.604 1000.375
P2393 0.00108 240.931 1075.658 266.227 1043.671 251.086 1031.697 225.789 1063.683
P0770 0.73431 372.302 199.167 406.962 125.826 361.317 104.255 326.657 177.595
P0770 0.72404 514.527 238.657 547.051 157.814 497.895 138.038 465.371 218.881
P0770 0.68666 178.63 645.451 200.533 578.616 172.126 569.306 150.222 636.141
P0770 0.68161 452.71 242.908 473.203 183.055 428.363 167.702 407.87 227.555
P0770 0.65339 357.25 198.608 394.996 125.292 349.37 101.803 311.625 175.119
P0770 0.39111 153.521 635.649 178.038 565.588 144.462 553.839 119.946 623.9
P0770 0.31698 480.047 82.313 502.906 14.496 410.102 -16.786 387.243 51.032
P0770 0.30292 502.004 252.028 521.411 195.286 464.852 175.942 445.445 232.684
P0770 0.2203 542.838 250.152 578.104 168.528 539.248 151.741 503.982 233.365
P0770 0.17545 542.3 118.238 563.794 74.75 539.095 62.543 517.601 106.031
P0770 0.07651 1114.215 81.643 1137.253 30.473 1079.943 4.67 1056.904 55.84
P0770 0.03122 308.403 648.688 323.574 612.745 241.361 578.044 226.19 613.986
P0770 0.03082 972.24 1361.85 980.858 1325.892 927.922 1313.205 919.305 1349.163
P0770 0.0254 202.096 652.915 222.056 591.86 193.489 582.521 173.529 643.576
P0770 0.02154 1449.846 678.932 1463.377 650.441 1386.308 613.837 1372.776 642.329
P0770 0.01633 1419.231 754.534 1449.013 693.37 1335.666 638.181 1305.884 699.345
P0770 0.01036 497.427 251.72 523.366 165.689 461.714 147.099 435.774 233.131
P0770 0.00844 527.084 262.484 544.504 196.545 478.177 179.023 460.757 244.962
P0770 0.00822 553.139 249.903 585.751 187.773 550.937 169.5 518.325 231.63
P0770 0.00747 1162.529 78.778 1188.449 11.466 1096.616 -23.896 1070.697 43.416
P0770 0.00648 676.562 1256.835 699.504 1207.244 655.457 1186.866 632.515 1236.458
P0770 0.00628 354.24 590.894 388.899 502.691 346.02 485.842 311.361 574.045
P0770 0.00604 438.449 37.294 443.581 9.117 384.962 -1.559 379.83 26.618
P0770 0.00595 1014.944 93.131 1052.272 -0.752 988.256 -26.205 950.928 67.678
P0770 0.00416 435.504 60.486 449.735 11.191 384.306 -7.698 370.075 41.598
P0770 0.00412 948.062 1373.028 955.959 1345.135 910.346 1332.221 902.449 1360.114
P0770 0.00409 428.015 191.015 452.538 125.09 422.547 113.934 398.024 179.859
P0770 0.00401 422.204 228.931 443.469 171.877 406.215 157.991 384.949 215.045
P0770 0.00291 1598.276 48.309 1603.368 1.355 1499.91 -9.865 1494.818 37.089
P2577 0.36721 889.317 726.97 954.528 678.78 923.214 636.406 858.003 684.597
P2577 0.0897 959.185 819.581 1010.394 765.201 926.745 686.429 875.536 740.809
P2577 0.00571 954.822 829.23 1023.917 774.394 908.042 628.389 838.948 683.225
P0150 0.07632 504.429 219.53 525.737 181.051 507.906 171.177 486.599 209.656
P0150 0.00624 287.429 42.689 296.318 28.395 271.782 13.137 262.893 27.431
P0150 0.00293 303.389 25.219 307.818 9.978 287.329 4.024 282.9 19.265
P0150 0.00127 359.181 29.858 364.478 16.164 338.719 6.201 333.422 19.895
P0150 0.00112 298.85 24.799 304.144 9.963 277.783 0.557 272.49 15.393
P0150 0.00104 119.374 25.911 125.032 8.347 98.986 -0.043 93.328 17.52
P0117 0.00119 993.239 938.751 1003.648 933.32 992.842 912.61 982.433 918.041
P2218 0.00249 544.617 65.627 554.682 11.045 464.742 -5.54 454.677 49.042
P2598 0.12876 140.02 1582.549 148.195 1477.141 87.107 1472.403 78.932 1577.811
P2598 0.03279 53.489 1581.75 60.732 1461.525 5.299 1458.186 -1.944 1578.411
P2598 0.00421 684.17 1784.316 688.675 1696.316 507.812 1687.058 503.307 1775.058
P1905 0.0021 45.194 598.904 62.893 568.321 14.523 540.329 -3.176 570.912
P1905 0.00201 362.216 183.393 389.66 147.843 314.463 89.793 287.02 125.344
P1905 0.00165 480.019 273.836 506.854 238.089 429.471 179.999 402.636 215.747
P1905 0.00128 38.104 615.208 46.402 592.237 1.695 576.087 -6.602 599.057
P1905 0.00104 444.834 321.639 472.103 285.512 395.68 227.828 368.411 263.954
P1860 0.00771 1406.245 1651.764 1490.73 1644.558 1477.653 1491.222 1393.168 1498.427
P1860 0.00155 1432.196 1645.546 1501.956 1639.965 1490.596 1497.971 1420.836 1503.552
P0374 0.96015 714.437 595.408 805.968 531.223 699.953 380.039 608.422 444.224
P0374 0.95457 810.4 525.758 901.568 463.064 797.675 311.983 706.506 374.677
P0374 0.54985 1118.727 534.36 1257.357 495.443 1233.916 411.945 1095.286 450.862
P0374 0.27149 1128.906 611.785 1271.892 551.139 1244.678 486.977 1101.692 547.623
P0374 0.13239 1044.187 241.138 1123.552 210.676 1100.567 150.793 1021.202 181.254
P0374 0.03214 1151.602 697.818 1342.603 631.409 1311.447 541.8 1120.446 608.209
P0374 0.01976 1042.678 353.055 1152.354 322.78 1103.188 144.674 993.513 174.95
P0374 0.00365 1298.211 61.903 1348.476 39.859 1322.764 -18.772 1272.499 3.271
P0374 0.00318 1317.531 809.345 1364.049 799.962 1334.855 655.234 1288.337 664.617
P0374 0.00149 1078.43 433.24 1199.473 385.662 1154.792 271.989 1033.749 319.567
P2378 0.00316 235.382 84.693 249.962 36.488 217.318 26.614 202.737 74.819
P2378 0.00194 201.118 82.403 221.559 46.99 178.388 22.072 157.947 57.484
P2378 0.00114 580.127 941.376 604.835 854.407 441.226 807.927 416.519 894.896
P2378 0.00104 163.587 83.906 182.911 64.075 143.988 26.148 124.664 45.98
P0352 0.02297 1007.119 82.959 1014.609 -0.51 904.027 -10.433 896.537 73.037
P0352 0.01194 832.956 219.926 940.666 137.037 873.284 49.478 765.574 132.367
P1268 0.00205 222.291 2766.0 240.308 2715.407 163.372 2688.008 145.354 2738.601
P1268 0.00108 234.766 2553.993 252.341 2513.696 226.201 2502.295 208.625 2542.593
P2413 0.00794 818.783 75.18 819.856 49.004 781.31 47.423 780.236 73.599
P2413 0.00475 817.118 129.011 821.194 93.16 797.003 90.41 792.927 126.261
P2413 0.00475 945.487 659.075 946.411 623.613 894.624 622.264 893.7 657.727
P2413 0.00416 792.992 126.764 794.99 82.036 768.377 80.847 766.379 125.575
P2413 0.00392 785.301 115.938 787.217 78.638 759.806 77.23 757.89 114.53
P2413 0.00382 1001.908 655.269 1003.235 620.305 956.453 618.529 955.126 653.493
P2413 0.00243 819.638 109.952 821.471 81.127 796.26 79.523 794.427 108.349
P2413 0.00238 806.978 121.972 809.04 80.701 781.902 79.345 779.84 120.617
P2413 0.00196 770.436 123.756 772.377 72.307 739.724 71.075 737.784 122.524
P1650 0.00199 3963.327 3951.126 4021.31 3938.329 4004.403 3861.724 3946.419 3874.521
P1561 0.00136 4102.406 842.343 4108.237 771.299 4036.756 765.431 4030.925 836.476
P1569 0.00131 255.296 794.294 291.883 787.368 283.719 744.241 247.132 751.167
P1742 0.00336 1718.88 945.611 1741.841 854.145 1668.488 835.731 1645.527 927.197
P1742 0.00216 1501.436 847.433 1519.598 803.695 1476.0 785.591 1457.837 829.329
P1742 0.00188 1572.986 1037.695 1606.42 925.33 1514.962 898.118 1481.528 1010.482
P1742 0.0017 1730.877 982.402 1755.66 885.271 1687.345 867.841 1662.562 964.971
P1732 0.00166 3633.488 4011.848 3643.895 3867.744 3504.952 3857.709 3494.545 4001.813
P1732 0.00154 3685.149 4026.834 3721.184 3861.638 3549.403 3824.166 3513.367 3989.362
P1189 0.94351 559.868 672.746 637.943 612.221 601.502 565.215 523.428 625.74
P1189 0.94173 659.826 739.128 709.632 698.394 642.787 616.661 592.981 657.395
P1189 0.00217 357.159 47.389 355.458 -3.862 230.26 0.295 231.961 51.546
P1189 0.00154 56.101 49.023 55.573 -2.256 6.699 -1.752 7.227 49.527
P1189 0.0012 168.813 893.681 245.102 846.405 219.644 805.324 143.355 852.6
P1384 0.01903 5419.926 265.939 5422.716 157.369 5357.918 155.704 5355.128 264.274
P1384 0.01208 5492.948 274.428 5496.973 174.597 5443.671 172.448 5439.646 272.279
P0990 0.00157 192.244 2220.758 243.059 2199.803 223.189 2151.621 172.375 2172.576
P2385 0.00121 307.608 34.356 315.609 4.404 275.881 -6.209 267.879 23.742
P2541 0.00313 125.144 1419.935 142.898 1390.345 114.653 1373.397 96.898 1402.987
P2541 0.00204 1501.156 1635.624 1502.032 1598.969 1456.902 1597.891 1456.026 1634.546
P2337 0.00211 1961.909 1300.397 1965.43 1190.872 1853.634 1187.279 1850.113 1296.804
P2450 0.0242 290.933 266.805 307.13 244.029 272.128 219.138 255.931 241.913
P2450 0.00984 580.141 187.296 589.737 173.132 556.144 150.372 546.548 164.536
P2450 0.00444 47.23 362.247 93.9 351.549 88.717 328.939 42.047 339.638
P2450 0.00441 277.299 277.191 292.582 258.277 259.961 231.919 244.678 250.832
P2450 0.00292 312.91 234.121 322.721 217.153 300.825 204.491 291.013 221.459
P1651 0.00202 2510.595 1153.845 2548.344 1141.191 2531.308 1090.375 2493.56 1103.029
P1586 0.0039 1990.817 1461.233 1994.325 1420.621 1961.171 1417.757 1957.663 1458.369
P1751 0.00937 2715.146 570.024 2752.859 554.83 2719.895 473.01 2682.181 488.204
P1751 0.00368 3825.592 3596.453 3840.257 3555.027 3794.464 3538.816 3779.799 3580.242
P1751 0.00272 2719.66 607.332 2749.144 594.575 2722.464 532.914 2692.98 545.672
P1751 0.00258 2769.906 565.059 2810.575 548.22 2772.958 457.367 2732.289 474.206
P1752 0.00426 101.163 3782.11 176.522 3750.461 161.325 3714.276 85.966 3745.925
P1749 0.00216 3887.259 1797.313 3998.865 1333.549 3371.865 1182.66 3260.259 1646.424
P1283 0.00197 145.725 107.607 188.08 16.999 148.562 -1.474 106.207 89.134
P1283 0.00183 116.796 59.142 133.6 4.183 35.744 -25.737 18.94 29.222
P1283 0.00108 127.648 83.069 151.759 1.316 68.865 -23.133 44.753 58.621
P1332 0.00345 2445.777 2234.538 2444.766 2184.554 2396.025 2185.54 2397.035 2235.524
P1332 0.00242 2873.353 1869.456 2891.014 1832.457 2858.178 1816.782 2840.516 1853.781
P1332 0.00202 1590.343 1565.908 1600.065 1526.539 1548.49 1513.804 1538.768 1553.172
P1332 0.00193 1858.234 1186.106 1870.522 1134.689 1834.664 1126.119 1822.376 1177.536
P0259 0.00201 1772.006 1269.988 1781.412 1107.635 938.045 1058.775 928.639 1221.128
P0259 0.00181 1726.497 1659.765 1733.5 1559.069 1497.798 1542.676 1490.794 1643.372
P0259 0.00155 1777.547 1298.296 1784.656 1159.465 935.254 1115.966 928.144 1254.797
P0385 0.94188 126.66 699.11 237.042 646.28 137.664 438.643 27.283 491.473
P0385 0.46058 16.736 740.425 98.249 706.027 18.185 516.296 -63.329 550.694
P0385 0.00727 797.545 826.211 915.491 572.932 747.863 494.871 629.916 748.15
P0385 0.00232 256.05 917.802 272.917 802.049 106.593 777.813 89.725 893.565
P0673 0.90779 890.981 753.43 928.421 646.449 767.548 590.149 730.108 697.13
P0673 0.90224 255.993 487.521 296.745 382.254 124.738 315.665 83.986 420.933
P0673 0.82835 844.775 864.963 890.308 763.042 731.691 692.18 686.158 794.101
P0673 0.67466 934.594 647.391 979.105 547.058 827.137 479.639 782.626 579.972
P0673 0.52773 285.13 394.884 336.301 263.718 165.845 197.218 114.674 328.384
P0673 0.40009 209.378 584.386 247.26 502.838 77.763 424.102 39.881 505.65
P0673 0.02425 143.812 598.373 178.436 554.552 63.208 463.508 28.584 507.329
P0673 0.01627 955.667 602.581 989.384 557.427 885.197 479.629 851.48 524.783
P0673 0.00183 301.928 305.71 322.003 258.735 171.007 194.207 150.932 241.183
P0673 0.00109 835.093 881.604 863.435 820.593 747.846 766.898 719.505 827.909
P0161 0.08098 2137.105 1489.214 2168.197 1477.506 2147.295 1422.0 2116.203 1433.709
P0161 0.00454 2127.668 1444.326 2154.825 1432.352 2133.251 1383.425 2106.094 1395.399
P0161 0.00227 2556.514 505.256 2560.426 469.539 2528.26 466.016 2524.348 501.733
P0615 0.00107 689.652 372.406 715.5 353.594 681.262 306.549 655.414 325.362
P1471 0.57489 2612.5 694.927 2616.009 535.738 2511.504 533.435 2507.995 692.624
P1471 0.54339 2480.471 669.542 2478.941 538.565 2404.086 539.439 2405.616 670.416
P1471 0.37074 2344.909 682.91 2342.039 515.582 2253.496 517.1 2256.366 684.429
P1471 0.36681 3889.467 4624.229 3890.743 4500.016 3798.729 4499.07 3797.454 4623.283
P1471 0.30207 4056.752 4624.57 4056.583 4466.452 3948.73 4466.567 3948.898 4624.686
P1471 0.2913 2367.881 685.605 2367.314 528.489 2282.075 528.797 2282.642 685.913
P1471 0.25793 2248.037 679.154 2246.075 516.54 2166.654 517.498 2168.615 680.112
P1471 0.24379 4215.241 4632.291 4214.129 4472.856 4097.716 4473.667 4098.828 4633.102
P1471 0.21592 2479.192 705.403 2479.49 580.843 2408.146 580.672 2407.847 705.232
P1471 0.1962 2419.268 671.242 2416.937 523.003 2335.438 524.284 2337.769 672.524
P1471 0.10349 2301.966 673.871 2297.397 509.145 2213.032 511.485 2217.601 676.211
P1471 0.05771 2275.19 693.114 2269.99 508.278 2185.327 510.66 2190.527 695.496
P1471 0.0481 1008.305 2545.272 1004.424 2423.519 943.244 2425.469 947.125 2547.223
P1471 0.04296 2149.229 694.324 2146.873 511.646 2033.374 513.109 2035.729 695.787
P1471 0.0366 948.687 2797.737 958.996 2716.615 919.505 2711.596 909.196 2792.718
P1471 0.02695 3732.981 4633.663 3733.794 4538.461 3591.11 4537.242 3590.297 4632.444
P1471 0.02123 1080.411 2537.11 1078.697 2430.309 1020.459 2431.243 1022.173 2538.045
P1471 0.01765 3817.531 4633.11 3818.137 4526.461 3730.598 4525.964 3729.993 4632.613
P1471 0.01688 2660.073 710.648 2663.13 546.128 2583.251 544.644 2580.194 709.164
P1471 0.01648 3950.409 4619.262 3950.018 4475.823 3864.368 4476.057 3864.76 4619.495
P1471 0.01532 2570.558 487.94 2569.953 427.891 2474.047 428.857 2474.652 488.906
P1471 0.01369 974.712 2793.822 989.23 2712.047 938.341 2703.012 923.823 2784.787
P1471 0.01233 1077.199 2484.292 1076.539 2390.605 1017.859 2391.018 1018.519 2484.705
P1471 0.0119 2177.924 647.013 2179.499 493.252 2094.837 492.385 2093.262 646.146
P1471 0.01184 2451.156 626.317 2453.19 489.65 2356.266 488.208 2354.232 624.874
P1471 0.00998 979.034 2799.16 995.558 2716.872 954.517 2708.63 937.992 2790.918
P1471 0.00982 3545.975 4631.628 3546.347 4538.211 3476.407 4537.932 3476.035 4631.349
P1471 0.00893 1004.093 2672.164 1002.682 2595.176 963.545 2595.893 964.956 2672.881
P1471 0.00868 3733.582 4512.579 3734.849 4442.882 3486.312 4438.366 3485.045 4508.062
P1471 0.00815 4105.011 4629.506 4108.952 4469.479 4021.117 4467.316 4017.176 4627.343
P1471 0.00811 3414.147 4621.833 3415.46 4525.125 3356.825 4524.33 3355.512 4621.037
P1471 0.00769 4285.56 4565.31 4287.408 4462.792 4222.136 4461.616 4220.289 4564.134
P1471 0.00677 873.426 2847.22 892.211 2749.926 819.147 2735.819 800.362 2833.114
P1471 0.00655 1092.154 2508.479 1092.824 2419.307 1037.41 2418.89 1036.739 2508.062
P1471 0.00634 4267.697 4520.522 4270.54 4448.946 4193.089 4445.87 4190.247 4517.446
P1471 0.00559 888.247 2832.728 901.582 2722.968 836.224 2715.028 822.888 2824.788
P1471 0.0055 1001.693 2900.026 1038.377 2787.194 974.818 2766.53 938.134 2879.362
P1471 0.00546 818.504 2837.129 846.083 2747.886 783.085 2728.417 755.506 2817.66
P1471 0.0053 961.984 2551.945 959.619 2429.529 903.433 2430.614 905.798 2553.031
P1471 0.0051 933.623 2909.813 967.449 2817.717 917.092 2799.22 883.265 2891.317
P1471 0.00445 4247.457 4496.735 4249.663 4428.689 4159.597 4425.769 4157.391 4493.815
P1471 0.00442 1814.014 4914.21 1840.564 4822.301 1775.228 4803.427 1748.677 4895.336
P1471 0.00427 1006.722 2927.096 1056.466 2811.069 999.502 2786.647 949.758 2902.674
P1471 0.00364 3342.904 4559.039 3341.966 4433.538 3183.923 4434.719 3184.861 4560.22
P1471 0.00309 2501.59 503.446 2501.022 442.732 2421.937 443.471 2422.505 504.186
P1471 0.00292 891.328 2910.531 918.306 2818.556 855.414 2800.11 828.436 2892.085
P1471 0.00287 938.815 2686.237 939.352 2594.407 896.523 2594.157 895.986 2685.987
P1471 0.00286 1466.042 4806.693 1487.994 4708.365 1361.612 4680.149 1339.659 4778.477
P1471 0.00268 944.411 2601.123 943.049 2497.758 901.086 2498.311 902.447 2601.675
P1471 0.00242 555.658 2344.952 553.057 2200.804 462.715 2202.434 465.316 2346.582
P1471 0.00239 2835.611 128.544 2837.005 29.811 2771.627 28.888 2770.233 127.621
P1471 0.00234 3343.801 4623.302 3343.198 4548.779 3200.465 4549.935 3201.068 4624.457
P1471 0.00229 977.635 2524.189 975.467 2376.494 907.154 2377.497 909.322 2525.191
P1471 0.00207 2750.488 631.175 2753.59 510.703 2672.763 508.622 2669.661 629.094
P1471 0.00192 2773.592 133.057 2773.197 24.87 2689.795 25.175 2690.19 133.362
P1471 0.0019 2338.976 500.993 2338.361 431.32 2284.71 431.794 2285.326 501.467
P1471 0.00189 4276.99 4509.716 4279.938 4427.651 4209.157 4425.108 4206.209 4507.173
P1471 0.00182 2332.88 744.775 2330.438 615.849 2251.625 617.342 2254.067 746.268
P1471 0.00181 806.908 2550.182 804.645 2119.47 595.308 2120.57 597.572 2551.282
P1471 0.00178 893.789 2615.56 899.907 2485.079 850.497 2482.763 844.38 2613.243
P1471 0.00175 4299.796 4613.69 4301.266 4505.828 4246.406 4505.081 4244.936 4612.943
P1471 0.00174 2463.322 743.463 2465.971 660.46 2399.353 658.333 2396.703 741.336
P1471 0.00174 893.788 2689.213 900.836 2586.671 853.556 2583.421 846.508 2685.963
P1471 0.00173 2525.991 784.758 2531.05 680.502 2460.703 677.088 2455.644 781.345
P1471 0.0017 3212.118 143.445 3215.41 19.189 3087.745 15.807 3084.453 140.063
P1377 0.03324 2690.174 405.438 2704.675 310.526 2627.084 298.671 2612.583 393.583
P1377 0.02742 2400.335 920.431 2554.302 830.687 2508.446 752.015 2354.479 841.759
P1377 0.01548 2696.47 723.576 2760.251 602.332 2714.118 578.063 2650.336 699.307
P1377 0.01281 446.653 353.61 499.06 318.509 461.75 262.802 409.342 297.903
P1377 0.01251 3688.456 2587.001 3744.155 2515.684 3693.928 2476.457 3638.229 2547.774
P1377 0.01054 2339.442 703.783 2552.053 621.43 2513.025 520.673 2300.415 603.026
P1377 0.00865 2602.895 396.6 2617.387 313.696 2552.799 302.405 2538.306 385.31
P1377 0.00666 918.417 2420.556 960.609 2323.062 763.529 2237.772 721.337 2335.266
P1377 0.0061 381.245 363.814 388.498 315.558 335.522 307.596 328.269 355.851
P1377 0.00553 2808.824 432.52 2820.125 350.068 2734.542 338.337 2723.24 420.79
P1377 0.00535 2860.604 1091.938 2902.996 1018.225 2814.831 967.523 2772.44 1041.236
P1380 0.03992 4089.122 1335.453 4157.18 1301.125 4103.602 1194.906 4035.544 1229.235
P1380 0.03976 3984.68 1383.152 4040.848 1349.838 3992.581 1268.458 3936.413 1301.772
P1380 0.02364 4023.6 1361.108 4082.681 1324.41 4030.011 1239.617 3970.93 1276.316
P1380 0.022 4148.64 1320.408 4217.043 1291.558 4164.725 1167.513 4096.322 1196.364
P1380 0.02098 3940.889 1410.878 3997.679 1378.415 3942.259 1281.466 3885.469 1313.929
P1380 0.02026 3875.158 1425.975 3926.207 1398.977 3876.822 1305.596 3825.772 1332.594
P1380 0.01986 4029.187 970.872 4059.049 822.867 3928.156 796.458 3898.295 944.463
P1380 0.00858 3632.848 2292.251 3693.226 2248.254 3662.537 2206.139 3602.159 2250.137
P1380 0.00838 3663.226 2393.241 3756.667 2344.372 3716.998 2268.523 3623.558 2317.392
P1380 0.00613 2129.803 3736.818 2164.413 3714.822 2120.103 3645.103 2085.493 3667.1
P1380 0.00574 2713.205 2655.69 2773.27 2610.749 2721.664 2541.778 2661.599 2586.719
P1380 0.00511 3449.968 2773.22 3566.427 2691.464 3534.81 2646.427 3418.351 2728.184
P1380 0.00492 2171.611 3714.738 2202.611 3695.179 2156.633 3622.309 2125.633 3641.868
P1380 0.0044 3242.803 2798.549 3294.684 2746.602 3234.419 2686.412 3182.538 2738.359
P1380 0.00405 2811.581 2566.129 2868.961 2520.515 2824.049 2464.02 2766.669 2509.634
P1380 0.00349 3904.27 1417.869 3959.864 1389.069 3913.046 1298.698 3857.453 1327.498
P1380 0.00335 2861.711 2588.864 2912.391 2549.282 2863.6 2486.81 2812.919 2526.392
P1380 0.00295 2740.292 2650.823 2798.344 2607.276 2749.405 2542.037 2691.354 2585.584
P1380 0.00273 1873.62 3569.114 1901.153 3538.145 1855.009 3497.121 1827.476 3528.09
P1380 0.0025 3814.192 1449.321 3865.396 1421.635 3807.527 1314.607 3756.323 1342.293
P1380 0.00249 2345.648 3605.186 2394.679 3559.076 2338.99 3499.859 2289.959 3545.969
P1380 0.00235 2412.627 2208.613 2515.079 2145.719 2419.737 1990.411 2317.285 2053.305
P1380 0.00234 2857.706 4508.464 2921.449 4470.938 2871.691 4386.415 2807.948 4423.94
P1380 0.00234 2394.657 2228.787 2480.982 2179.938 2399.739 2036.365 2313.414 2085.214
P1380 0.00229 3344.238 2882.631 3357.089 2823.096 3281.458 2806.771 3268.607 2866.307
P1380 0.00228 2823.813 2591.61 2878.532 2551.069 2827.878 2482.703 2773.16 2523.244
P1380 0.00218 2879.009 2573.688 2920.692 2539.84 2864.975 2471.227 2823.292 2505.075
P1380 0.00206 4203.221 1316.734 4271.54 1296.748 4230.185 1155.377 4161.865 1175.363
P1380 0.00204 3640.094 2254.212 3685.792 2209.383 3622.068 2144.423 3576.37 2189.252
P1380 0.002 2718.837 2635.758 2775.851 2592.499 2722.141 2521.71 2665.127 2564.969
P1380 0.00176 3561.503 2762.996 3631.427 2714.215 3604.961 2676.279 3535.037 2725.06
P1380 0.00173 2045.279 3641.787 2109.375 3593.327 2073.23 3545.519 2009.133 3593.978
P1380 0.00168 3695.254 2436.88 3776.631 2377.739 3713.153 2290.393 3631.775 2349.534
P1380 0.00162 2121.07 3748.07 2154.3 3728.289 2110.664 3654.987 2077.434 3674.768
P1380 0.00153 3861.638 2416.459 3864.986 2353.52 3791.37 2349.605 3788.023 2412.544
P1380 0.00148 3990.288 1327.529 4144.644 1246.281 4089.977 1142.423 3935.62 1223.672
P1380 0.00147 1911.654 1349.468 1919.412 1235.682 1804.482 1227.846 1796.724 1341.632
P1380 0.0014 1925.244 3661.735 1962.358 3622.093 1919.512 3581.979 1882.397 3621.62
P1380 0.00136 3799.541 1464.69 3859.717 1430.933 3792.559 1311.218 3732.384 1344.975
P1380 0.00128 2283.629 1869.457 2410.363 1799.808 2372.3 1730.547 2245.566 1800.196
P1380 0.00123 397.121 3702.424 456.843 3668.945 434.318 3628.763 374.596 3662.241
P1380 0.00112 2062.925 3761.557 2101.215 3737.683 2067.808 3684.103 2029.518 3707.977
P1380 0.00108 2285.176 3578.642 2317.391 3551.847 2283.653 3511.286 2251.439 3538.081
P2754 0.03299 1157.798 631.707 1184.959 559.158 1139.846 542.268 1112.685 614.818
P2754 0.02116 1222.18 659.882 1250.229 587.241 1211.53 572.299 1183.482 644.94
P2754 0.01437 2823.49 1478.645 2846.091 1388.644 2797.001 1376.316 2774.4 1466.318
P2754 0.01399 1140.335 628.735 1165.474 556.94 1116.542 539.806 1091.403 611.602
P2754 0.01236 1259.017 660.449 1282.967 590.724 1248.183 578.776 1224.233 648.501
P2754 0.0103 1078.228 591.223 1109.278 535.516 1074.654 516.217 1043.604 571.924
P2754 0.0054 1076.456 609.754 1091.76 562.114 1045.16 547.144 1029.855 594.784
P2754 0.00534 2875.522 1474.567 2891.756 1405.78 2860.449 1398.392 2844.215 1467.179
P2754 0.0053 1434.892 1085.294 1463.96 1019.459 1424.978 1002.246 1395.909 1068.082
P2754 0.00515 1235.402 631.253 1259.199 556.707 1214.014 542.283 1190.217 616.829
P2754 0.00436 2921.635 1461.047 2935.798 1404.322 2903.927 1396.365 2889.764 1453.089
P2754 0.00435 1100.592 760.464 1122.598 713.132 1090.623 698.266 1068.617 745.599
P2754 0.00408 2926.467 1487.993 2942.341 1428.638 2912.036 1420.533 2896.162 1479.888
P2754 0.0037 1136.459 705.066 1158.707 652.723 1109.421 631.775 1087.174 684.118
P2754 0.00348 2807.759 1485.63 2821.825 1419.508 2779.327 1410.467 2765.26 1476.589
P2754 0.00338 2807.696 1471.271 2826.859 1385.594 2779.114 1374.915 2759.95 1460.591
P2754 0.00329 1017.996 632.66 1031.958 575.097 996.61 566.523 982.648 624.087
P2481 0.03087 1443.421 147.618 1444.134 76.951 1376.873 76.272 1376.16 146.939
P2481 0.01536 1453.671 144.975 1452.929 78.382 1396.736 79.009 1397.478 145.601
P2481 0.00697 1997.168 298.057 2006.403 259.773 1952.192 246.696 1942.957 284.98
P2481 0.00594 1965.085 295.193 1972.676 261.091 1918.908 249.123 1911.318 283.225
P2481 0.00327 2076.486 840.935 2088.173 785.225 2039.463 775.006 2027.775 830.716
P2481 0.00324 1992.704 298.723 1998.387 264.969 1933.901 254.112 1928.219 287.867
P2481 0.00248 1844.819 378.699 1847.665 351.453 1813.363 347.87 1810.517 375.115
P2481 0.00213 1893.777 372.332 1897.546 344.471 1868.737 340.574 1864.969 368.435
P2481 0.00207 1411.063 59.488 1411.466 27.344 1357.567 26.669 1357.164 58.814
P2481 0.00172 1915.47 98.737 1925.31 57.249 1906.11 52.695 1896.27 94.183
P2481 0.00116 2003.171 298.797 2014.171 255.672 1973.998 245.426 1962.998 288.551
P2481 0.00103 1893.613 290.645 1898.946 260.646 1872.245 255.899 1866.911 285.898
P1376 0.00655 4553.76 2218.148 4656.501 2194.922 4617.078 2020.531 4514.337 2043.756
P1376 0.00651 4519.073 2191.711 4597.762 2171.56 4558.209 2017.114 4479.52 2037.266
P1376 0.00405 4061.318 1244.408 4168.224 1175.689 4080.933 1039.89 3974.026 1108.609
P1376 0.00345 4222.217 1559.59 4265.111 1513.69 4219.166 1470.754 4176.272 1516.654
P1376 0.00329 4106.578 1654.041 4175.212 1600.589 4107.562 1513.725 4038.928 1567.178
P1376 0.00299 4155.6 1612.783 4209.658 1572.951 4158.357 1503.328 4104.299 1543.16
P1376 0.00201 4602.434 2204.011 4701.265 2166.553 4647.444 2024.553 4548.613 2062.012
P1376 0.00152 3334.089 288.452 3514.803 232.375 3443.418 2.333 3262.704 58.411
P1376 0.00151 4424.839 2138.276 4496.183 2106.67 4464.167 2034.402 4392.823 2066.007
P1376 0.00141 4483.914 2179.507 4550.991 2162.987 4527.237 2066.537 4460.16 2083.057
P1786 0.33202 2748.817 2625.698 2832.285 2556.216 2703.059 2400.977 2619.591 2470.459
P1786 0.05901 2707.519 2520.82 2752.036 2480.541 2676.011 2396.516 2631.494 2436.794
P1786 0.04461 2918.639 2574.334 2963.122 2535.585 2880.199 2440.392 2835.716 2479.14
P1786 0.01418 2836.546 2678.068 2870.048 2635.726 2808.997 2587.421 2775.495 2629.764
P1786 0.01016 2685.494 2495.028 2730.032 2450.43 2644.985 2365.497 2600.447 2410.094
P1786 0.00796 2640.798 2477.048 2697.018 2418.295 2555.856 2283.218 2499.636 2341.97
P1786 0.00777 2813.238 2450.546 2848.587 2418.55 2775.989 2338.344 2740.64 2370.34
P1786 0.00586 2332.683 1413.497 2379.053 1375.434 2362.554 1355.334 2316.184 1393.397
P1786 0.0052 1508.131 1279.806 1529.975 1260.844 1498.965 1225.118 1477.12 1244.079
P2394 0.00259 44.808 71.674 44.046 6.393 10.814 6.781 11.576 72.062
P1410 0.03476 2483.827 4170.232 2487.878 4090.653 2445.699 4088.507 2441.649 4168.086
P1410 0.02212 2575.048 4170.018 2581.584 3982.471 2500.998 3979.662 2494.461 4167.209
P1410 0.01381 4297.042 3411.457 4303.301 3304.936 4175.856 3297.446 4169.596 3403.967
P1410 0.01338 1287.655 900.234 1315.719 842.435 1262.292 816.494 1234.228 874.292
P1410 0.0106 5056.591 1723.388 5060.341 1629.529 4975.098 1626.123 4971.348 1719.981
P1410 0.01015 1289.814 962.501 1309.965 904.779 1264.084 888.761 1243.933 946.483
P1410 0.00839 2161.948 4289.433 2165.855 4177.034 2080.944 4174.083 2077.037 4286.481
P1410 0.00815 2486.229 4092.764 2493.219 3980.701 2448.29 3977.899 2441.3 4089.962
P1410 0.0074 2602.37 4135.198 2614.616 3930.712 2512.538 3924.599 2500.292 4129.085
P1410 0.00712 1278.752 863.685 1318.437 811.959 1268.127 773.36 1228.442 825.086
P1410 0.00664 4125.515 3407.407 4127.085 3357.134 4053.357 3354.832 4051.787 3405.105
P1410 0.00474 4127.014 3332.306 4131.108 3280.594 4060.848 3275.032 4056.754 3326.744
P1410 0.00464 1262.75 913.583 1295.615 843.306 1226.126 810.808 1193.26 881.086
P1410 0.00453 4400.741 3431.376 4405.694 3324.004 4363.198 3322.044 4358.245 3429.416
P1410 0.00449 4303.712 3381.208 4310.143 3275.123 4171.473 3266.717 4165.042 3372.801
P1410 0.00436 2860.094 4073.17 2862.195 3883.876 2765.499 3882.802 2763.397 4072.096
P2255 0.008 476.077 264.475 485.477 253.406 472.32 242.232 462.92 253.301
P2255 0.00697 490.409 279.082 499.81 270.037 485.652 255.322 476.251 264.367
P2255 0.0045 176.367 105.905 176.158 84.649 167.22 84.737 167.429 105.993
P2255 0.00201 479.955 258.209 489.037 247.736 476.23 236.63 467.148 247.104
P2255 0.00145 483.169 258.029 493.989 247.474 478.674 231.773 467.854 242.328
P2446 0.00612 28.814 2175.996 30.044 2142.567 3.779 2141.601 2.549 2175.03
P2446 0.00389 1777.839 1637.071 1779.994 1602.048 1733.52 1599.189 1731.365 1634.212
P2446 0.00181 33.308 2134.771 34.103 2114.078 2.892 2112.879 2.097 2133.573
P2446 0.00155 74.782 2162.528 80.201 2120.083 60.303 2117.543 54.884 2159.988
P2310 0.00478 27.674 38.031 32.632 -0.469 0.027 -4.667 -4.931 33.833
P1911 0.01612 698.261 31.704 704.731 4.334 660.87 -6.033 654.401 21.337
P2608 0.28492 218.762 2158.405 355.602 2102.206 308.136 1986.629 171.296 2042.828
P2542 0.01122 1008.482 90.639 1051.969 82.398 1048.092 61.938 1004.605 70.178
P2542 0.00545 1009.159 98.726 1054.895 91.397 1050.925 66.625 1005.19 73.953
P2542 0.0043 951.853 105.236 975.278 99.924 971.673 84.024 948.247 89.336
P2542 0.00285 959.484 181.225 976.495 176.308 967.429 144.943 950.418 149.861
P0130 0.00617 657.439 219.07 658.03 197.189 628.804 196.399 628.213 218.28
P0130 0.00438 164.257 148.14 164.717 115.795 150.352 115.591 149.893 147.936
P0130 0.00429 413.653 577.072 414.136 555.301 402.402 555.041 401.919 576.812
P0130 0.004 443.353 577.486 444.182 557.767 432.64 557.282 431.812 577.001
P0130 0.00322 430.908 575.423 431.74 556.133 419.559 555.607 418.727 574.897
P0130 0.00318 155.182 41.861 155.866 19.6 144.404 19.248 143.72 41.509
P0130 0.00312 188.595 143.451 189.424 119.319 177.314 118.902 176.484 143.035
P0130 0.00282 213.205 147.973 213.447 128.333 201.853 128.19 201.611 147.83
P0130 0.00245 136.23 37.899 136.623 19.349 126.579 19.136 126.186 37.686
P0130 0.00228 217.817 35.267 218.535 19.448 203.986 18.788 203.268 34.608
P0130 0.00223 553.734 546.728 554.632 512.315 524.065 511.517 523.167 545.931
P0130 0.00192 654.881 231.079 656.108 204.266 625.179 202.851 623.952 229.664
P0130 0.00146 655.398 207.841 655.67 192.572 631.794 192.147 631.523 207.415
P0130 0.00144 140.284 36.579 140.396 17.938 131.376 17.884 131.264 36.525
P0130 0.0014 693.472 58.3 693.781 44.079 684.266 43.872 683.957 58.093
P0130 0.0013 176.004 43.719 176.495 19.228 163.182 18.962 162.691 43.453
P1088 0.12805 878.063 1630.918 879.192 1439.108 775.0 1438.495 773.87 1630.305
P1088 0.07891 729.264 1706.315 732.801 1479.614 605.074 1477.621 601.538 1704.323
P1088 0.07415 431.592 1723.953 432.764 1611.775 297.67 1610.365 296.499 1722.543
P1088 0.01051 563.621 1654.897 567.18 1477.266 479.71 1475.514 476.151 1653.144
P1088 0.01007 645.914 1666.879 649.598 1471.415 558.435 1469.697 554.751 1665.161
P1088 0.00811 509.91 1650.777 512.897 1461.875 422.185 1460.441 419.198 1649.343
P1088 0.00783 963.854 1613.01 964.682 1454.31 838.564 1453.652 837.736 1612.351
P1088 0.00585 401.995 1601.097 404.462 1424.33 262.355 1422.347 259.888 1599.114
P1088 0.00556 419.938 1772.234 420.979 1697.046 255.392 1694.753 254.351 1769.942
P1088 0.00456 406.384 1840.898 406.521 1646.233 240.009 1646.116 239.872 1840.781
P1088 0.00297 427.306 1905.508 427.731 1709.945 238.714 1709.534 238.289 1905.097
P1088 0.00248 606.282 1636.773 611.802 1487.236 549.633 1484.941 544.113 1634.478
P1088 0.00232 1041.046 1632.652 1041.991 1458.65 918.053 1457.977 917.108 1631.979
P1088 0.00188 368.048 1685.098 372.301 1434.836 237.044 1432.538 232.791 1682.799
P1088 0.00137 711.855 1622.643 716.263 1466.805 635.527 1464.521 631.118 1620.359
P1088 0.00137 432.702 1676.804 433.961 1462.638 316.713 1461.949 315.454 1676.115
P1088 0.001 433.975 1603.348 436.254 1436.77 305.424 1434.98 303.144 1601.558
P2791 0.01624 3481.159 1985.881 3549.216 1854.164 3455.796 1805.894 3387.739 1937.611
P2791 0.00875 4163.782 2339.515 4259.313 2259.646 4112.358 2083.873 4016.827 2163.743
P2791 0.00756 3382.46 1772.978 3452.948 1694.112 3266.165 1527.172 3195.677 1606.039
P2791 0.00208 3308.573 1854.672 3377.387 1784.557 3220.897 1630.97 3152.083 1701.084
P2791 0.00163 4087.616 2325.792 4218.559 2234.161 4083.117 2040.612 3952.175 2132.242
P2791 0.00152 3427.977 2005.529 3468.244 1852.614 3353.149 1822.306 3312.881 1975.221
P2791 0.0015 3442.198 1700.514 3513.804 1617.875 3331.529 1459.935 3259.923 1542.573
P2791 0.00111 3332.684 1974.721 3428.094 1868.484 3367.846 1814.376 3272.436 1920.613
P1086 0.00524 879.895 848.407 901.305 805.802 861.512 785.805 840.103 828.41
P0715 0.24092 1121.281 83.245 1171.515 17.783 1134.624 -10.527 1084.39 54.936
P0715 0.00565 1054.157 581.144 1095.854 533.261 1032.301 477.917 990.603 525.801
P0715 0.00375 1133.008 336.809 1173.348 317.342 1156.104 281.609 1115.764 301.076
P0715 0.00354 1300.589 331.632 1328.38 307.525 1264.539 233.925 1236.748 258.032
P0715 0.00253 1067.092 562.861 1107.467 518.551 1048.46 464.786 1008.086 509.097
P0715 0.00253 1152.187 272.044 1187.473 229.505 1126.839 179.211 1091.554 221.751
P0715 0.00171 1116.817 357.207 1171.981 325.108 1141.164 272.149 1086.0 304.248
P0715 0.00154 1129.434 331.136 1169.612 309.74 1147.521 268.256 1107.343 289.652
P2012 0.00106 111.013 122.748 111.621 103.937 99.388 103.541 98.78 122.352
P2342 0.00528 111.18 1758.867 138.82 1656.721 95.719 1645.059 68.08 1747.204
P2342 0.00141 156.203 1600.846 162.536 1543.59 137.125 1540.779 130.792 1598.035
P1679 0.00251 181.017 3677.747 173.991 3428.769 46.388 3432.37 53.414 3681.348
P1432 0.00944 1819.118 1157.172 1824.282 1027.298 1762.813 1024.854 1757.649 1154.727
P1432 0.00925 1743.503 1154.466 1742.69 924.049 1592.062 924.581 1592.875 1154.998
P1432 0.00906 1810.809 1174.988 1820.235 1087.362 1769.669 1081.922 1760.243 1169.548
P1432 0.00731 1689.124 1254.442 1689.056 1200.644 1598.36 1200.758 1598.428 1254.556
P1432 0.00629 1526.022 1120.986 1525.665 1079.923 1490.405 1080.23 1490.763 1121.293
P2194 0.00329 457.181 1555.151 463.357 1402.837 400.893 1400.304 394.718 1552.618
P2194 0.00205 1028.836 246.908 1029.599 165.924 988.525 165.537 987.762 246.521
P2194 0.00165 845.171 402.768 847.468 280.457 784.757 279.279 782.46 401.59
P2194 0.00163 1408.669 1417.322 1410.814 1383.931 1382.552 1382.116 1380.407 1415.506
P2449 0.01761 167.289 1062.315 173.303 1040.228 134.341 1029.62 128.327 1051.707
P2449 0.01697 561.197 2024.445 596.69 2008.839 576.936 1963.912 541.443 1979.517
P2449 0.00893 468.535 1965.592 496.058 1949.434 477.972 1918.627 450.449 1934.786
P2449 0.00682 176.633 771.233 188.537 724.471 165.032 718.488 153.129 765.25
P2449 0.00404 557.242 1957.27 582.235 1946.29 573.582 1926.592 548.589 1937.572
P2449 0.0037 147.974 1107.313 155.73 1080.194 125.572 1071.569 117.816 1098.688
P2449 0.00264 195.759 770.759 206.807 727.972 188.441 723.229 177.393 766.017
P2449 0.00225 220.013 779.4 232.477 732.202 211.439 726.646 198.975 773.844
P2449 0.00154 160.789 1067.536 165.655 1044.795 129.759 1037.114 124.893 1059.855
P2449 0.00136 640.413 1999.037 669.552 1986.166 642.312 1924.497 613.173 1937.368
P2449 0.00127 166.0 1054.684 171.193 1032.928 130.199 1023.143 125.006 1044.898
P2449 0.00125 589.386 1999.705 617.498 1987.491 597.955 1942.51 569.844 1954.724
P2449 0.00119 499.577 1944.854 526.778 1926.805 515.049 1909.128 487.848 1927.177
P2449 0.00102 173.697 1037.306 178.239 1017.531 141.573 1009.11 137.031 1028.885
P0086 0.00455 793.881 1530.888 914.969 1441.631 856.607 1362.456 735.519 1451.713
P2408 0.01637 1310.589 2163.196 1386.285 2131.581 1339.768 2020.201 1264.071 2051.816
P2408 0.00898 1236.835 1994.056 1323.724 1958.618 1263.64 1811.3 1176.751 1846.738
P2408 0.00509 1103.291 1695.191 1142.48 1680.099 1116.918 1613.725 1077.729 1628.818
P2408 0.00303 1525.566 2293.802 1546.699 2284.649 1528.129 2241.773 1506.996 2250.926
P2408 0.00247 1112.527 1833.269 1167.002 1806.472 1128.106 1727.401 1073.631 1754.198
P2408 0.00209 1045.688 1660.009 1071.046 1650.681 1053.546 1603.111 1028.189 1612.44
P2408 0.00206 128.708 2365.715 130.136 2346.416 94.947 2343.813 93.519 2363.112
P2408 0.00176 1841.561 2180.004 1871.754 2164.174 1856.641 2135.349 1826.448 2151.179
P2408 0.00152 1527.561 2288.404 1552.716 2278.592 1537.391 2239.305 1512.236 2249.118
P2408 0.00149 117.345 2358.56 118.417 2337.393 75.413 2335.214 74.341 2356.382
P2408 0.00141 1035.15 1661.315 1059.239 1651.237 1038.208 1600.968 1014.12 1611.046
P2408 0.00136 1950.89 2256.503 1991.775 2244.069 1979.846 2204.846 1938.961 2217.28
P2408 0.00135 1327.732 2229.721 1419.202 2187.557 1396.273 2137.816 1304.804 2179.98
P2408 0.00133 1102.405 1706.889 1129.179 1698.844 1108.543 1630.167 1081.769 1638.212
P2408 0.00119 1502.958 2298.944 1526.989 2288.606 1507.097 2242.367 1483.066 2252.705
P2093 0.01649 1248.845 215.645 1283.102 175.182 1206.594 110.408 1172.337 150.87
P2093 0.00979 1120.293 98.756 1166.976 33.264 1083.506 -26.233 1036.823 39.259
P2093 0.00227 1265.796 203.525 1285.878 179.979 1241.158 141.838 1221.076 165.384
P0647 0.00161 407.53 51.858 432.08 9.258 379.96 -20.779 355.41 21.821
P0651 0.00974 649.739 822.391 660.675 634.019 574.952 629.042 564.015 817.414
P0665 0.02539 331.72 228.798 397.943 138.927 327.852 87.279 261.628 177.15
P0665 0.01854 505.503 98.737 516.328 -7.605 401.82 -19.261 390.995 87.081
P0665 0.00209 28.702 67.083 40.439 12.941 4.136 5.071 -7.601 59.214
P0665 0.00115 12.821 26.931 28.107 1.882 11.219 -8.424 -4.067 16.625
P2044 0.95611 275.207 552.65 336.173 547.933 328.585 449.845 267.618 454.562
P2044 0.95026 346.928 549.592 405.728 545.453 398.62 444.46 339.82 448.598
P2504 0.01048 1148.318 626.056 1241.165 608.376 1210.82 449.027 1117.974 466.707
P2504 0.00436 1408.123 1704.717 1445.255 1701.978 1439.378 1622.297 1402.245 1625.036
P2504 0.00342 1540.673 347.076 1567.62 342.887 1559.138 288.318 1532.191 292.507
P2504 0.00271 1250.767 472.585 1282.541 458.547 1266.839 423.006 1235.064 437.044
P2504 0.00256 1252.83 542.762 1291.716 532.837 1279.637 485.509 1240.751 495.434
P2504 0.00186 1573.711 345.308 1597.541 341.61 1588.048 280.429 1564.217 284.126
P2504 0.00186 1464.61 1696.07 1493.421 1692.336 1485.82 1633.695 1457.009 1637.43
P2504 0.00181 1594.424 358.602 1619.835 355.03 1609.352 280.456 1583.941 284.028
P2504 0.00157 1247.873 495.651 1283.985 485.514 1274.625 452.17 1238.513 462.307
P2504 0.00142 1599.556 678.114 1625.961 673.519 1615.268 612.065 1588.863 616.66
P2504 0.00109 1262.138 501.585 1295.97 487.26 1280.115 449.813 1246.283 464.138
P2504 0.00108 1584.922 346.183 1607.947 342.767 1598.078 276.252 1575.053 279.668
P2504 0.00108 1465.658 40.373 1491.046 28.69 1484.751 15.009 1459.362 26.693
P2504 0.001 1250.627 509.419 1283.507 500.402 1271.493 456.592 1238.612 465.61
P2129 0.00977 654.662 760.568 678.337 730.584 611.717 677.982 588.043 707.965
P2129 0.00388 834.051 815.589 873.562 724.688 809.849 696.995 770.339 787.895
P2129 0.00347 408.576 293.643 460.267 223.378 427.589 199.338 375.898 269.603
P2129 0.00148 38.907 760.162 67.616 725.162 49.362 710.189 20.653 745.19
P0199 0.00101 241.533 1411.366 242.041 1251.024 167.289 1250.787 166.781 1411.129
P2571 0.01682 538.06 1218.27 610.415 1187.469 565.164 1081.168 492.809 1111.969
P2375 0.00537 1126.179 65.211 1197.882 40.953 1179.913 -12.161 1108.21 12.098
P2375 0.00411 1166.53 55.004 1228.871 32.666 1215.692 -4.112 1153.351 18.226
P2375 0.00282 1114.084 65.393 1173.916 48.32 1158.382 -6.12 1098.549 10.953
P2375 0.00252 1080.367 53.852 1109.919 43.842 1093.987 -3.197 1064.434 6.813
P2375 0.0016 1066.948 55.483 1099.548 47.995 1088.66 0.595 1056.059 8.084
P2375 0.00153 1185.148 44.336 1226.652 28.89 1215.312 -1.582 1173.808 13.863
P2375 0.00132 1097.073 61.7 1119.425 55.214 1103.142 -0.903 1080.791 5.582
P1103 0.15435 694.688 46.741 700.856 0.56 603.695 -12.415 597.527 33.766
P1103 0.00749 207.994 75.034 211.289 -17.827 89.333 -22.154 86.038 70.708
P1103 0.00391 8.011 193.676 79.938 168.66 45.909 70.817 -26.019 95.833
P2593 0.00699 370.597 1274.511 416.769 1257.759 381.208 1159.748 335.036 1176.5
P2241 0.01833 394.512 808.009 394.596 756.523 319.311 756.401 319.227 807.886
P2241 0.00753 412.208 249.205 412.178 210.309 382.857 210.333 382.888 249.228
P2241 0.00356 413.176 804.935 412.794 759.772 352.416 760.283 352.798 805.445
P2241 0.00224 411.281 808.27 410.651 760.676 381.197 761.066 381.827 808.659
P1787 0.00156 457.788 1240.07 463.979 1183.042 317.755 1167.169 311.564 1224.197
P2768 0.01478 47.951 317.368 82.441 306.895 50.094 200.365 15.604 210.838
P2768 0.00669 709.697 1798.906 711.027 1755.46 682.576 1754.589 681.247 1798.035
P2768 0.00483 915.589 2085.702 914.818 1995.447 884.525 1995.706 885.295 2085.96
P2768 0.0047 903.807 1948.33 902.971 1900.888 878.311 1901.323 879.147 1948.764
P2768 0.00444 301.027 592.442 309.86 559.802 277.695 551.098 268.862 583.738
P2768 0.00429 60.414 287.526 45.652 192.46 5.876 198.636 20.638 293.702
P2768 0.00368 720.162 1801.148 721.491 1757.299 693.466 1756.449 692.137 1800.299
P2768 0.00335 750.879 1800.672 750.666 1755.018 725.907 1755.134 726.12 1800.787
P2768 0.00283 45.225 234.23 68.781 225.228 48.539 172.258 24.983 181.26
P2768 0.00237 71.254 314.178 95.999 305.936 69.188 225.435 44.443 233.677
P2768 0.00233 623.561 1185.16 624.355 1167.587 607.247 1166.814 606.453 1184.387
P2768 0.00225 858.821 2058.622 860.332 1849.577 736.389 1848.681 734.878 2057.726
P2768 0.00221 913.023 1984.924 912.633 1919.499 879.936 1919.694 880.326 1985.119
P2768 0.00215 910.016 1936.673 908.945 1888.357 884.542 1888.897 885.613 1937.214
P2768 0.00196 288.701 677.694 302.268 661.306 280.642 643.403 267.075 659.792
P2768 0.00173 326.769 656.355 349.547 641.73 339.313 625.79 316.535 640.415
P2768 0.00153 1.55 276.839 24.973 271.518 10.091 206.011 -13.332 211.332
P2768 0.00142 780.431 1801.799 780.184 1756.039 752.581 1756.188 752.827 1801.948
P2768 0.00137 304.659 639.731 331.389 617.113 317.377 600.553 290.647 623.171
P2768 0.00136 297.843 677.177 314.222 659.72 295.432 642.09 279.053 659.548
P2768 0.00116 309.873 539.326 333.047 522.664 308.285 488.223 285.111 504.885
P1878 0.00965 281.291 55.037 333.907 39.069 317.583 -14.716 264.968 1.252
P1878 0.00793 395.078 55.042 411.478 -11.125 338.896 -29.115 322.496 37.052
P1878 0.00587 380.791 33.592 388.688 7.723 341.118 -6.797 333.222 19.072
P1878 0.00233 367.696 38.771 377.152 13.853 331.189 -3.588 321.733 21.33
P1878 0.00159 538.728 83.769 543.419 25.918 505.392 22.835 500.701 80.686
P1492 0.02452 151.149 1651.797 132.556 1078.344 -19.211 1083.265 -0.619 1656.718
P1492 0.01433 146.668 2377.31 138.145 1593.779 -10.974 1595.401 -2.45 2378.932
P2150 0.00154 26.417 861.497 61.709 776.537 20.533 759.433 -14.759 844.393
P2595 0.00102 16.236 970.449 14.506 808.942 -16.236 809.271 -14.506 970.779
P0368 0.94567 695.021 822.758 801.18 710.345 717.037 630.883 610.878 743.296
P0368 0.66342 363.966 1143.76 647.014 842.126 451.449 658.611 168.401 960.245
P0368 0.0044 96.022 55.505 100.366 2.583 7.698 -5.022 3.355 47.899
P0368 0.00236 830.944 678.666 841.682 560.927 747.337 552.322 736.599 670.061
P0368 0.00173 21.714 448.621 52.444 411.099 -6.716 362.649 -37.446 400.171
P0368 0.00112 55.701 494.222 48.896 307.306 -42.729 310.642 -35.924 497.558
P0659 0.95775 209.13 367.083 410.74 318.415 385.541 214.03 183.931 262.699
P0659 0.02544 296.977 63.41 407.644 40.918 395.925 -16.745 285.258 5.746
P0047 0.00582 265.538 897.934 267.243 866.641 249.864 865.694 248.158 896.986
P0047 0.0028 241.264 905.486 243.454 860.432 193.076 857.984 190.887 903.038
P0047 0.00226 269.191 849.622 270.848 831.15 262.398 830.392 260.741 848.864
P0047 0.00212 276.889 900.502 278.564 864.112 243.352 862.491 241.677 898.881
P0047 0.00158 231.566 894.324 232.94 864.348 215.817 863.563 214.442 893.539
P0047 0.00125 328.512 906.864 329.895 877.494 310.191 876.567 308.809 905.936
P0047 0.00113 284.637 900.142 287.118 865.756 268.281 864.397 265.8 898.782
P2580 0.0271 392.252 1086.928 443.464 1058.384 391.412 964.995 340.201 993.539
P2580 0.02333 345.882 1235.668 399.369 1218.469 373.357 1137.57 319.87 1154.769
P2580 0.00317 580.299 1186.208 627.195 1176.802 606.38 1073.029 559.484 1082.435
P2059 0.0045 867.506 370.069 874.867 344.247 845.591 335.901 838.23 361.724
P2059 0.00355 891.127 352.32 897.278 327.495 861.967 318.747 855.817 343.572
P2059 0.00287 878.103 351.411 884.108 327.515 841.62 316.837 835.615 340.733
P2059 0.00263 884.064 369.031 893.066 331.917 849.526 321.357 840.524 358.471
P0242 0.93319 93.134 615.178 193.001 603.571 174.774 446.748 74.908 458.355
P0882 0.0787 851.407 1127.089 856.878 1024.513 768.663 1019.808 763.192 1122.384
P1184 0.0023 2498.766 4424.172 2508.739 4356.71 2398.233 4340.375 2388.26 4407.837
