P0970 0.0011 60.011 1067.196 60.269 1038.51 15.958 1038.112 15.701 1066.798
P1854 0.00699 5616.775 3840.373 5628.145 3632.183 5433.158 3621.535 5421.789 3829.725
P1854 0.00172 778.565 572.449 781.44 361.691 615.102 359.423 612.227 570.18
P1854 0.00155 347.791 527.175 365.292 328.163 174.784 311.41 157.282 510.421
P2242 0.04121 1350.886 886.135 1351.26 844.614 1325.166 844.379 1324.792 885.9
P2242 0.02638 2088.419 1107.139 2090.865 1063.256 2059.886 1061.529 2057.44 1105.412
P2242 0.01874 2147.691 246.037 2149.065 214.588 2102.093 212.534 2100.718 243.984
P2242 0.01806 1880.489 1078.401 1882.041 1037.841 1857.47 1036.901 1855.918 1077.461
P2242 0.01727 1818.164 235.777 1818.572 209.411 1774.499 208.729 1774.09 235.094
P2242 0.0143 2102.97 243.558 2104.056 211.61 2058.459 210.061 2057.374 242.008
P2242 0.01288 2015.191 238.597 2016.826 209.893 1970.927 207.28 1969.293 235.984
P1122 0.0226 2837.97 1851.85 2941.691 1729.842 2778.66 1591.245 2674.938 1713.253
P1122 0.00412 571.769 1067.035 579.625 839.336 319.43 830.359 311.575 1058.058
P1122 0.00182 1500.599 761.402 1515.689 674.567 1410.498 656.288 1395.409 743.124
P2230 0.00317 113.189 143.964 114.921 -10.733 -10.086 -12.133 -11.818 142.565
P2230 0.00168 172.481 37.928 173.18 -1.624 107.157 -2.792 106.458 36.761
P2230 0.0013 1996.617 665.094 1998.994 623.931 1950.35 621.123 1947.973 662.286
P2230 0.00105 1116.517 477.167 1126.781 415.451 1059.498 404.261 1049.234 465.978
P2271 0.00857 2024.43 374.691 2026.117 332.861 1933.047 329.107 1931.36 370.937
P2271 0.00525 2020.491 428.36 2022.585 385.938 1925.626 381.153 1923.532 423.575
P2271 0.00412 2284.798 400.443 2289.693 326.308 2183.273 319.282 2178.378 393.417
P0170 0.0087 430.949 980.27 434.82 939.598 400.875 936.367 397.004 977.039
P0170 0.00167 1950.414 977.689 1957.328 948.05 1923.341 940.122 1916.427 969.761
P0170 0.00115 432.272 137.155 441.17 92.815 410.143 86.588 401.245 130.929
P2689 0.00423 1936.285 2278.333 1956.503 2223.465 1901.123 2203.058 1880.905 2257.927
P2239 0.00562 794.776 238.719 794.566 206.821 755.812 207.077 756.023 238.975
P2239 0.0031 177.654 447.74 177.925 429.381 148.236 428.943 147.965 447.302
P2239 0.00149 931.434 266.778 935.888 243.268 906.233 237.651 901.779 261.161
P2239 0.00142 773.448 457.291 774.039 441.194 753.122 440.427 752.531 456.524
P2239 0.00109 942.386 227.553 960.807 210.309 953.202 202.184 934.78 219.429
P0300 0.0021 1285.826 839.528 1288.075 824.909 1275.007 822.898 1272.757 837.518
P2236 0.01588 125.288 789.537 141.104 737.253 90.384 721.91 74.567 774.194
P2236 0.00235 407.415 267.83 406.535 239.628 384.128 240.327 385.009 268.529
P2236 0.00231 1129.167 490.1 1130.406 448.767 1093.287 447.654 1092.048 488.987
P2214 0.00424 232.065 42.81 238.71 17.195 218.153 11.862 211.508 37.477
P2214 0.00158 57.812 538.049 73.536 506.234 59.598 499.346 43.874 531.161
P2220 0.0396 455.839 418.007 458.027 397.335 438.561 395.276 436.374 415.947
P2220 0.01519 841.581 661.707 850.022 651.736 834.8 638.851 826.36 648.822
P2220 0.01502 451.67 414.223 453.428 387.573 431.146 386.103 429.388 412.753
P2220 0.00702 373.144 322.932 375.696 306.373 356.973 303.487 354.421 320.046
P2220 0.00586 500.779 316.734 506.647 288.424 462.829 279.342 456.962 307.652
P2220 0.00472 443.582 419.099 445.051 392.561 421.937 391.281 420.468 417.82
P2220 0.00355 454.718 300.242 463.638 220.184 387.094 211.656 378.174 291.713
P2220 0.00352 457.664 420.034 460.558 403.166 442.923 400.141 440.03 417.008
P2220 0.00269 855.976 648.124 865.247 635.613 850.817 624.92 841.546 637.432
P2220 0.00242 853.891 642.604 869.215 633.525 860.56 618.917 845.236 627.996
P2220 0.00226 936.387 676.172 941.671 659.18 918.795 652.067 913.512 669.058
P2220 0.00185 829.778 661.319 837.372 648.75 822.023 639.475 814.428 652.044
P0815 0.00464 167.95 32.283 182.703 26.474 174.718 6.195 159.965 12.003
P0815 0.00119 174.337 21.757 183.122 12.62 166.437 -3.423 157.651 5.714
P0168 0.03099 1636.355 1273.668 1645.52 1233.271 1603.917 1223.831 1594.751 1264.228
P0168 0.02306 1662.658 1186.608 1673.599 1151.562 1634.077 1139.224 1623.136 1174.269
P0168 0.01752 1644.119 1256.178 1653.554 1219.756 1614.418 1209.619 1604.984 1246.041
P0168 0.00268 1658.339 1220.202 1666.529 1192.912 1629.953 1181.936 1621.763 1209.226
P0168 0.0018 1613.352 1369.425 1620.301 1342.83 1586.19 1333.917 1579.241 1360.512
P0168 0.00157 1643.896 1244.565 1658.017 1209.187 1619.231 1193.705 1605.109 1229.082
P0168 0.00155 1700.324 1004.606 1705.416 964.421 1662.152 958.939 1657.06 999.124
P0168 0.00105 1666.826 1130.362 1674.691 1086.689 1625.992 1077.92 1618.128 1121.593
P2181 0.00167 1044.966 156.381 1129.309 101.021 1055.77 -11.018 971.427 44.342
P1476 0.00143 2518.754 114.564 2544.091 84.531 2476.12 27.185 2450.782 57.217
P2709 0.01011 2977.875 815.069 2991.913 766.81 2947.965 754.027 2933.927 802.285
P0194 0.00158 734.515 42.342 741.04 31.51 720.102 18.898 713.577 29.731
P0173 0.00666 604.066 821.851 618.148 796.873 589.606 780.781 575.524 805.76
P0173 0.00129 622.193 397.797 674.62 350.293 628.847 299.776 576.419 347.28
P0173 0.00117 856.304 436.534 867.178 428.852 853.079 408.896 842.205 416.578
P2802 0.00712 206.494 904.814 218.673 865.702 174.044 851.805 161.864 890.917
P2802 0.00603 646.78 1287.588 651.518 1232.746 593.518 1227.735 588.78 1282.577
P2802 0.00602 573.458 1241.852 582.825 1177.894 515.026 1167.964 505.658 1231.922
P2802 0.00351 555.918 1107.511 561.8 1047.551 503.098 1041.793 497.216 1101.752
P2802 0.00243 721.382 1065.322 726.792 1005.582 672.465 1000.661 667.054 1060.402
P2802 0.00206 1128.421 5208.423 1140.387 5133.963 1074.073 5123.306 1062.106 5197.766
P2802 0.00198 659.227 1218.984 662.739 1162.07 601.177 1158.271 597.665 1215.185
P2802 0.00176 575.681 1208.888 577.663 1153.078 510.571 1150.695 508.589 1206.505
P2802 0.0017 648.115 1364.352 656.523 1310.167 606.805 1302.452 598.397 1356.637
P1156 0.18481 583.711 1145.368 781.327 1062.417 649.882 749.27 452.266 832.22
P1156 0.0034 758.683 1015.374 919.81 932.889 789.154 677.664 628.027 760.149
P1156 0.00211 3007.437 561.102 3092.938 483.146 2969.693 347.972 2884.191 425.928
P1156 0.00102 3166.702 409.296 3217.477 349.975 3159.481 300.335 3108.706 359.656
P1269 0.00621 3101.769 3023.195 3123.051 2925.819 3039.222 2907.497 3017.94 3004.874
P0217 0.00741 625.782 727.833 633.883 686.422 596.409 679.092 588.308 720.502
P1143 0.00534 2504.142 392.556 2571.802 308.61 2507.515 256.796 2439.855 340.742
P1143 0.00353 4209.995 489.508 4218.263 409.986 4139.391 401.786 4131.123 481.308
P1143 0.00296 2671.904 811.213 2696.794 757.448 2633.269 728.04 2608.379 781.805
P1143 0.00251 2567.964 362.525 2638.159 282.827 2585.787 236.7 2515.592 316.398
P1143 0.00152 2526.039 388.164 2560.45 325.674 2501.853 293.405 2467.441 355.895
P1143 0.00131 2819.378 860.522 2837.513 815.052 2790.115 796.148 2771.98 841.618
P1143 0.00112 4161.083 636.905 4175.756 557.138 4099.646 543.138 4084.973 622.905
P0910 0.00507 1563.16 544.516 1572.852 516.958 1531.104 502.274 1521.411 529.832
P0910 0.00182 2072.269 527.845 2077.062 504.921 2048.034 498.853 2043.242 521.777
P0910 0.00128 1955.202 620.506 1960.734 601.473 1943.976 596.603 1938.445 615.635
P0910 0.00106 2028.985 533.365 2033.773 509.676 1976.386 498.077 1971.598 521.766
P2385 0.00121 19.344 393.685 20.05 377.298 -4.597 376.235 -5.304 392.622
P1154 0.17778 447.557 3473.069 556.694 3316.924 370.613 3186.863 261.476 3343.008
P1154 0.02731 2018.214 2070.442 2075.357 1896.676 1907.082 1841.339 1849.94 2015.105
P1154 0.02257 3379.419 885.489 3420.949 753.896 3279.939 709.393 3238.408 840.986
P1154 0.00795 1519.824 495.043 1693.406 394.541 1575.405 190.737 1401.823 291.238
P1154 0.00585 2007.637 3719.732 2029.047 3557.346 1836.785 3531.997 1815.375 3694.383
P1154 0.00211 2941.569 1227.988 3022.567 1132.448 2919.268 1044.871 2838.27 1140.412
P1154 0.00182 724.627 3178.503 793.935 3095.401 674.809 2996.048 605.5 3079.15
P1154 0.0013 2628.552 1564.602 2750.45 1437.478 2572.249 1266.601 2450.35 1393.725
P1154 0.0011 191.888 3292.86 267.496 3236.06 173.814 3111.357 98.206 3168.157
P2337 0.00151 774.571 2290.246 778.194 2272.938 763.542 2269.87 759.919 2287.178
P1720 0.00143 385.643 3034.553 400.863 3004.208 373.694 2990.582 358.475 3020.927
P1763 0.0041 453.92 2565.479 458.214 2473.543 392.574 2470.478 388.281 2562.413
P1763 0.00162 3614.735 1077.828 3622.27 1044.926 3549.636 1028.292 3542.101 1061.194
P1601 0.00411 911.772 1756.612 932.763 1701.9 875.535 1679.944 854.544 1734.655
P1601 0.00298 1187.583 1171.234 1200.745 1126.534 1168.46 1117.029 1155.299 1161.728
P1601 0.00277 1081.968 1361.164 1095.86 1321.68 1064.242 1310.555 1050.349 1350.039
P1601 0.00247 579.095 2301.612 600.043 2263.832 571.406 2247.953 550.459 2285.733
P1601 0.00173 1197.889 1186.084 1212.73 1137.054 1171.947 1124.71 1157.106 1173.74
P1601 0.00156 178.83 2440.497 193.98 2406.833 170.281 2396.167 155.131 2429.832
P1601 0.00142 239.421 2303.979 268.857 2248.695 241.815 2234.296 212.378 2289.58
P1601 0.00122 1223.109 1193.875 1235.235 1153.804 1198.885 1142.803 1186.758 1182.875
P1601 0.00122 282.207 2360.358 305.363 2311.909 278.34 2298.993 255.183 2347.442
P1601 0.00117 183.74 2405.13 201.47 2369.168 178.173 2357.682 160.444 2393.645
P1619 0.00169 3612.058 210.309 3641.171 93.759 3538.891 68.211 3509.779 184.761
P1647 0.00507 1561.607 372.84 1579.068 342.604 1550.916 326.346 1533.454 356.582
P1647 0.00281 333.373 239.864 334.76 210.298 295.559 208.458 294.172 238.024
P1225 0.0049 3874.21 966.941 3910.536 925.228 3853.495 875.555 3817.17 917.268
P1225 0.00154 797.238 166.495 811.499 103.211 740.654 87.247 726.393 150.531
P1210 0.01559 1626.032 3932.274 1646.149 3882.329 1572.428 3852.634 1552.31 3902.579
P1210 0.01171 1452.43 3858.327 1477.744 3802.375 1435.839 3783.416 1410.526 3839.368
P0259 0.00243 2178.694 1161.104 2180.453 1128.177 2161.886 1127.185 2160.127 1160.112
P0259 0.00175 2209.413 1007.53 2210.602 983.66 2174.359 981.855 2173.17 1005.725
P1512 0.00229 453.308 1099.493 482.976 1068.09 468.286 1054.212 438.618 1085.615
P1512 0.00196 809.185 703.672 891.987 577.982 758.26 489.885 675.458 615.575
P0161 0.0224 1288.867 1271.532 1292.011 1228.675 1250.128 1225.602 1246.984 1268.459
P0161 0.00194 1072.179 1084.596 1073.71 1054.236 1046.667 1052.872 1045.137 1083.232
P0161 0.00164 663.308 916.855 675.711 882.237 644.918 871.205 632.516 905.823
P1178 0.00271 1313.761 3223.434 1321.8 3146.928 1237.733 3138.094 1229.693 3214.6
P1178 0.00178 1025.952 3056.821 1039.707 2988.12 952.098 2970.579 938.343 3039.28
P1178 0.00152 1127.818 3085.592 1138.906 3020.131 1056.182 3006.118 1045.093 3071.58
P0476 0.00198 102.604 120.419 105.692 66.669 73.442 64.816 70.354 118.566
P2754 0.00419 752.229 2923.361 760.282 2900.986 731.25 2890.537 723.197 2912.912
P2481 0.00216 1657.162 544.692 1661.72 518.047 1636.927 513.805 1632.368 540.451
P2481 0.00157 1763.213 488.097 1767.023 457.334 1729.832 452.728 1726.022 483.49
P1376 0.00217 1219.008 2260.124 1238.79 2167.441 1154.277 2149.402 1134.494 2242.085
P1483 0.45464 807.163 1545.276 821.671 1415.788 686.786 1400.676 672.278 1530.164
P1483 0.33307 1057.188 1535.354 1059.189 1409.677 936.323 1407.721 934.322 1533.397
P1483 0.00295 459.23 86.007 456.29 -9.416 234.045 -2.568 236.985 92.855
P1483 0.00159 539.32 81.856 535.993 -9.865 358.585 -3.429 361.912 88.291
P1483 0.00139 428.436 87.306 425.267 -14.458 147.003 -5.793 150.172 95.971
P1452 0.02057 645.238 312.051 698.876 240.842 637.443 194.568 583.805 265.777
P1452 0.00906 801.739 477.008 814.532 438.091 786.571 428.9 773.778 467.817
P1452 0.00344 654.167 318.18 649.525 213.207 588.894 215.889 593.537 320.862
P1452 0.00266 834.17 523.314 855.876 446.142 768.134 421.463 746.428 498.635
P1088 0.00235 34.79 1237.524 35.689 1220.535 13.63 1219.367 12.731 1236.356
P1088 0.00111 58.537 1244.401 60.327 1220.567 31.457 1218.399 29.667 1242.232
P1088 0.00102 842.297 136.908 851.564 103.627 815.846 93.681 806.579 126.962
P2791 0.0032 4680.692 4460.073 4704.263 4377.566 4629.864 4356.311 4606.292 4438.818
P2791 0.00222 2729.218 2643.023 2749.284 2498.682 2616.097 2480.167 2596.031 2624.508
P2791 0.00215 4496.061 4293.814 4521.338 4208.484 4439.434 4184.222 4414.157 4269.552
P2342 0.00109 691.964 2242.95 698.847 2224.862 683.55 2219.042 676.667 2237.129
P1557 0.01258 79.039 3018.55 83.071 2938.832 8.742 2935.073 4.71 3014.791
P1557 0.00192 315.275 4171.07 329.283 4143.095 272.302 4114.562 258.294 4142.537
P1557 0.00153 314.243 3117.466 317.164 3066.113 265.516 3063.176 262.595 3114.528
P1557 0.00104 388.69 2978.277 391.582 2930.066 346.718 2927.375 343.826 2975.585
P2231 0.21023 599.03 916.342 608.935 838.796 528.459 828.517 518.554 906.064
P2231 0.04557 398.134 204.441 415.206 168.694 375.075 149.528 358.003 185.275
P2231 0.01261 775.837 172.823 777.794 128.601 740.598 126.955 738.641 171.177
P2231 0.0114 664.001 437.801 665.185 404.075 624.14 402.635 622.956 436.361
P2231 0.00627 652.111 374.273 652.967 335.005 611.432 334.1 610.576 373.368
P2231 0.00537 605.142 372.373 606.156 333.974 565.856 332.91 564.842 371.309
P2231 0.00527 1363.053 329.23 1369.036 291.172 1339.217 286.484 1333.234 324.542
P2231 0.0048 774.608 151.483 775.707 117.301 738.766 116.113 737.667 150.295
P2231 0.00382 563.357 435.664 564.605 403.893 529.162 402.501 527.914 434.271
P0841 0.00546 2399.11 1091.931 2406.165 1018.402 2354.878 1013.481 2347.823 1087.01
P0841 0.00444 2335.14 356.139 2349.442 325.258 2315.025 309.318 2300.723 340.2
P0841 0.003 2392.535 518.897 2407.182 486.955 2342.575 457.329 2327.928 489.271
P0841 0.00179 2346.12 1381.281 2349.687 1315.107 2276.043 1311.138 2272.477 1377.313
P0841 0.0011 2315.798 1203.416 2325.113 1171.703 2292.691 1162.18 2283.377 1193.893
P0841 0.00105 24.8 3030.726 27.638 3000.901 3.449 2998.6 0.612 3028.424
P2408 0.00151 266.356 2159.723 271.417 2142.558 248.978 2135.942 243.917 2153.107
P2408 0.00123 321.452 2172.126 327.049 2157.303 309.583 2150.707 303.985 2165.53
P2778 0.0072 129.723 132.717 135.053 97.678 101.555 92.582 96.225 127.621
P2778 0.00124 128.122 137.227 131.624 94.806 85.802 91.023 82.3 133.444
P2778 0.00115 742.291 1061.808 763.317 1025.616 729.568 1006.009 708.542 1042.2
P1149 0.78213 2659.095 640.763 2765.634 551.2 2636.476 397.56 2529.937 487.123
P1149 0.72868 1222.688 2174.731 1219.654 2029.677 1107.03 2032.033 1110.063 2177.086
P1149 0.72124 2249.632 986.895 2330.74 893.32 2215.653 793.566 2134.545 887.142
P1149 0.69435 2473.745 821.589 2575.333 723.08 2435.548 578.927 2333.96 677.436
P1149 0.60759 1620.355 3951.641 1650.689 3744.972 1442.33 3714.391 1411.997 3921.06
P1149 0.59247 1822.946 1347.055 1927.46 1248.708 1788.844 1101.399 1684.33 1199.745
P1149 0.51653 2070.803 1181.458 2169.263 1084.71 2043.536 956.758 1945.076 1053.506
P1149 0.29942 1546.719 1569.267 1642.813 1449.271 1491.284 1327.925 1395.19 1447.922
P1149 0.17758 1247.272 2377.535 1253.765 2194.302 1062.67 2187.531 1056.177 2370.764
P1149 0.11023 1540.568 3623.669 1555.978 3289.5 1229.055 3274.425 1213.645 3608.593
P1149 0.05893 1202.285 2070.303 1210.667 1912.427 1116.17 1907.41 1107.789 2065.286
P1149 0.01553 1243.315 2924.269 1377.885 2893.321 1340.237 2729.613 1205.667 2760.56
P1149 0.00807 1281.422 1842.506 1380.606 1748.877 1339.555 1705.391 1240.371 1799.02
P1149 0.00738 2261.084 1103.375 2305.826 1028.684 2248.001 994.045 2203.259 1068.735
P1149 0.0043 2326.597 961.218 2363.813 855.581 2257.205 818.022 2219.988 923.659
P1149 0.00328 2361.379 931.608 2396.437 879.667 2337.753 840.057 2302.694 891.997
P1149 0.00199 1640.976 3863.874 1664.458 3726.7 1514.91 3701.101 1491.429 3838.275
P1149 0.0017 2279.212 1085.414 2309.35 996.628 2227.156 968.727 2197.018 1057.514
P1149 0.00141 2317.736 939.313 2374.864 883.218 2323.625 831.035 2266.497 887.131
P1149 0.00124 1262.816 1794.063 1372.624 1685.006 1330.882 1642.977 1221.074 1752.033
P1149 0.00114 2313.829 1140.548 2359.84 990.177 2174.048 933.328 2128.037 1083.699
P1147 0.40732 2142.985 4855.588 2160.637 4693.53 1975.522 4673.366 1957.87 4835.424
P1147 0.00487 2238.766 5532.87 2274.527 5453.213 2143.643 5394.454 2107.882 5474.11
P1147 0.00361 3430.759 3903.095 3495.249 3838.635 3408.942 3752.287 3344.452 3816.748
P1147 0.00259 3527.583 3872.784 3568.789 3799.805 3500.3 3761.135 3459.094 3834.114
P1147 0.00144 3998.056 4576.13 4005.923 4443.645 3866.129 4435.343 3858.261 4567.829
P1147 0.00103 1967.661 4679.411 2010.855 4610.819 1926.496 4557.696 1883.302 4626.288
P1103 0.00244 1061.085 262.209 1076.474 225.603 1062.473 219.717 1047.084 256.323
P1103 0.00128 143.26 58.853 181.074 4.761 134.602 -27.725 96.789 26.366
P0257 0.17123 546.114 102.031 547.826 61.951 512.421 60.439 510.71 100.519
P1513 0.01655 1638.817 3775.581 1662.246 3737.471 1622.645 3713.126 1599.216 3751.236
P1513 0.01073 212.412 447.427 215.238 409.265 186.264 407.119 183.437 445.281
P1513 0.00437 2105.021 3700.001 2162.014 3644.789 2137.63 3619.618 2080.637 3674.83
P1513 0.00192 1304.837 2517.695 1366.414 2416.797 1310.62 2382.746 1249.043 2483.644
P0249 0.04075 283.823 1252.653 302.94 1233.04 279.524 1210.215 260.406 1229.829
P0249 0.00394 321.893 1278.067 332.309 1255.642 301.137 1241.163 290.721 1263.589
P0249 0.00348 979.351 939.853 982.87 909.074 950.751 905.402 947.232 936.181
P0249 0.00288 949.88 1116.182 957.927 1103.635 939.966 1092.116 931.919 1104.663
P0249 0.00253 310.557 706.8 323.326 683.955 300.657 671.285 287.889 694.131
P1492 0.01257 445.592 2262.491 468.835 2231.738 424.706 2198.385 401.463 2229.138
P1474 0.00212 1463.3 2087.292 1467.315 2027.534 1414.104 2023.959 1410.09 2083.717
P1474 0.0019 1496.495 2190.165 1508.146 2134.832 1448.951 2122.369 1437.301 2177.702
P2059 0.00352 182.586 10.263 182.56 -1.895 165.993 -1.86 166.019 10.298
P1508 0.88406 723.456 1508.295 727.749 1383.762 633.382 1380.51 629.09 1505.043
P1508 0.86128 1054.473 2434.329 1060.732 2317.049 961.849 2311.772 955.59 2429.052
P1508 0.8343 646.569 1031.665 721.643 991.039 658.168 873.743 583.095 914.369
P1508 0.8299 1068.666 1007.24 1137.608 969.731 1079.041 862.086 1010.099 899.596
P1508 0.7938 1261.11 2412.81 1278.959 2299.616 1185.361 2284.857 1167.512 2398.051
P1508 0.70644 1274.389 2843.3 1277.25 2744.409 1203.16 2742.265 1200.298 2841.156
P1508 0.6173 833.344 1011.25 919.766 973.607 873.468 867.314 787.046 904.957
P1508 0.53936 1122.467 2015.836 1140.425 1883.124 1049.988 1870.886 1032.03 2003.598
P1508 0.5044 500.242 635.375 659.77 569.291 569.496 351.366 409.968 417.449
P1508 0.47386 1075.544 2862.743 1091.805 2749.889 994.368 2735.85 978.107 2848.704
P1508 0.15541 908.002 939.335 950.078 906.319 908.697 853.581 866.62 886.597
P1508 0.10024 1114.001 1519.763 1125.955 1392.225 1062.543 1386.281 1050.59 1513.82
P1508 0.09041 1347.334 2002.899 1349.322 1877.92 1254.826 1876.417 1252.838 2001.396
P1508 0.08025 450.286 2034.177 454.831 1911.783 395.318 1909.573 390.773 2031.967
P1508 0.0245 574.048 526.672 575.165 370.529 426.445 369.465 425.328 525.608
P1508 0.01939 724.712 440.63 729.786 384.577 674.594 379.581 669.52 435.635
P1508 0.0121 668.085 536.869 669.559 463.411 600.887 462.033 599.412 535.491
P1508 0.00871 1084.397 1530.829 1094.586 1395.501 1035.917 1391.084 1025.729 1526.412
P1508 0.00678 1473.13 2152.629 1479.471 2072.525 1395.03 2065.841 1388.689 2145.945
P1508 0.00664 769.157 417.919 777.024 373.682 723.872 364.23 716.005 408.467
P1508 0.00464 1470.835 2128.578 1473.66 2055.054 1388.866 2051.796 1386.041 2125.32
P1508 0.00213 1468.277 2079.094 1506.246 2047.562 1465.551 1998.56 1427.582 2030.093
P1508 0.00159 1492.167 2115.191 1522.146 2025.579 1446.881 2000.4 1416.902 2090.012
P1184 0.00928 1659.834 2023.061 1673.234 1973.468 1626.469 1960.832 1613.069 2010.426
P1184 0.00117 1660.556 1691.348 1677.08 1622.517 1603.762 1604.915 1587.237 1673.746
P1184 0.00109 1517.131 914.858 1530.178 842.227 1447.475 827.371 1434.428 900.002
