P0970 0.00129 2661.729 1104.848 2661.915 1054.653 2636.225 1054.558 2636.038 1104.753
P1030 0.00373 3899.406 1283.835 3900.201 1249.27 3868.373 1248.537 3867.578 1283.103
P2230 0.00287 171.231 30.233 168.012 -3.105 113.396 2.169 116.615 35.507
P2230 0.0017 595.003 262.865 639.491 236.092 597.318 166.013 552.829 192.786
P0170 0.00161 668.816 22.174 669.474 1.333 616.763 -0.332 616.105 20.509
P0170 0.00146 658.107 19.272 658.176 -1.975 580.512 -2.23 580.442 19.017
P0170 0.00111 1966.771 1024.975 1973.998 933.989 1923.191 929.953 1915.964 1020.94
P0170 0.001 1953.853 924.852 1964.396 864.536 1937.517 859.837 1926.974 920.153
P2689 0.00602 318.648 1689.568 320.527 1626.083 254.238 1624.12 252.358 1687.605
P2236 0.02372 1125.872 487.553 1124.847 455.153 1092.705 456.169 1093.729 488.569
P2214 0.01097 32.034 737.513 33.482 722.937 19.762 721.574 18.315 736.151
P2214 0.00701 13.978 744.65 13.784 719.487 -1.903 719.608 -1.709 744.771
P2214 0.00112 17.263 742.982 17.321 703.047 -3.215 703.018 -3.272 742.953
P0168 0.0422 1634.148 1271.935 1640.558 1240.227 1603.279 1232.691 1596.869 1264.399
P0168 0.03573 1653.207 1214.546 1658.437 1185.324 1622.978 1178.977 1617.748 1208.199
P0168 0.02162 1647.058 1248.891 1654.007 1216.007 1614.175 1207.589 1607.225 1240.473
P0168 0.00567 1621.989 1368.451 1626.626 1337.303 1593.666 1332.397 1589.029 1363.545
P0168 0.00453 1664.117 1182.15 1670.394 1149.977 1632.081 1142.502 1625.804 1174.675
P0168 0.00189 1620.032 1339.844 1625.302 1308.546 1589.814 1302.571 1584.544 1333.869
P2181 0.06541 1090.527 199.32 1191.579 31.928 1012.881 -75.95 911.829 91.442
P2181 0.00836 573.315 1045.64 584.219 1009.086 536.471 994.843 525.567 1031.397
P2181 0.00161 583.142 1305.617 594.575 1265.656 536.723 1249.104 525.29 1289.065
P0173 0.0038 157.951 463.337 198.902 362.76 88.554 317.832 47.604 418.409
P0173 0.00127 700.292 524.9 752.04 516.484 739.822 441.362 688.075 449.778
P0213 0.01572 1018.629 878.502 1039.445 857.179 1013.073 831.435 992.258 852.757
P0213 0.00275 709.108 492.592 722.618 470.162 694.053 452.957 680.543 475.387
P0213 0.00145 963.684 415.309 971.559 407.218 964.38 400.23 956.505 408.322
P2802 0.00425 2242.794 4201.623 2238.458 4121.389 2172.12 4124.975 2176.457 4205.209
P2802 0.00195 3146.944 3504.369 3145.415 3417.585 3048.869 3419.286 3050.398 3506.07
P1156 0.08194 2574.673 894.725 2700.619 782.1 2555.447 619.758 2429.501 732.383
P1156 0.00238 2873.759 625.223 2987.008 501.518 2829.562 357.38 2716.313 481.085
P1269 0.00142 3997.597 136.735 3996.282 79.697 3945.673 80.864 3946.988 137.902
P0217 0.00219 949.63 1295.352 958.252 1283.617 931.757 1264.147 923.134 1275.882
P2155 0.00116 788.946 20.749 789.322 1.616 769.742 1.232 769.366 20.365
P2155 0.00102 273.593 70.546 274.118 56.586 261.965 56.128 261.439 70.088
P1809 0.0052 6355.237 3101.657 6421.445 3046.199 6366.071 2980.091 6299.863 3035.549
P1809 0.00156 5890.875 3571.692 5857.487 3487.731 5782.779 3517.44 5816.167 3601.401
P1809 0.00111 5975.126 3749.147 5987.401 3672.788 5918.423 3661.7 5906.149 3738.059
P0179 0.04466 182.835 4243.981 199.958 4182.37 122.155 4160.747 105.031 4222.358
P1179 0.00764 1016.357 6271.703 1027.198 6248.141 972.644 6223.042 961.804 6246.604
P1179 0.00505 890.87 6216.768 902.15 6191.457 847.455 6167.079 836.174 6192.39
P1179 0.00247 1082.314 6305.81 1092.903 6281.253 1030.206 6254.217 1019.617 6278.773
P1179 0.00244 725.988 6140.271 737.485 6113.255 670.515 6084.754 659.018 6111.77
P1179 0.00232 2133.264 1245.099 2157.786 1198.993 2125.626 1181.888 2101.104 1227.995
P1179 0.00205 675.259 2610.101 690.249 2588.069 667.54 2572.618 652.55 2594.651
P1154 0.89139 501.07 3442.188 520.364 3230.111 313.894 3211.328 294.6 3423.404
P1763 0.00337 656.51 3571.054 662.479 3540.917 641.612 3536.784 635.643 3566.92
P1763 0.00121 252.711 3358.706 255.231 3332.616 235.432 3330.704 232.912 3356.793
P1240 0.00157 431.017 170.327 455.885 148.794 443.762 134.794 418.894 156.327
P0161 0.00275 1126.998 1498.948 1129.449 1469.635 1095.575 1466.804 1093.125 1496.116
P0161 0.00104 1065.073 1153.917 1065.911 1128.101 1046.054 1127.457 1045.217 1153.273
P1178 0.00223 3641.454 1823.583 3651.885 1790.567 3632.273 1784.37 3621.842 1817.386
P1178 0.00117 2666.543 3167.55 2672.574 3132.53 2632.112 3125.561 2626.08 3160.581
P1178 0.00107 2278.997 3155.135 2285.356 3104.302 2242.655 3098.96 2236.295 3149.792
P1178 0.00106 1446.655 4233.503 1450.451 4170.009 1375.523 4165.528 1371.726 4229.022
P0476 0.0168 107.013 118.613 106.753 56.843 60.544 57.038 60.803 118.807
P0654 0.00183 1046.037 918.458 1079.22 909.146 1074.161 891.121 1040.979 900.433
P1376 0.00306 1912.725 2561.331 1934.413 2518.833 1880.039 2491.084 1858.351 2533.582
P1376 0.00169 1986.866 2657.816 2018.674 2587.229 1943.103 2553.176 1911.296 2623.763
P1483 0.0291 1070.25 1540.345 1070.563 1394.36 930.905 1394.061 930.592 1540.045
P1483 0.02559 814.128 1552.98 814.958 1409.443 676.054 1408.639 675.224 1552.177
P1483 0.00408 1578.901 1251.473 1577.774 1231.072 1537.628 1233.29 1538.755 1253.691
P1483 0.0011 1481.917 1673.301 1479.011 1639.648 1459.986 1641.291 1462.893 1674.944
P1452 0.00763 667.432 328.324 674.021 212.256 585.019 207.203 578.429 323.27
P1410 0.00135 4214.001 4732.337 4216.758 4692.541 4171.625 4689.414 4168.868 4729.21
P2215 0.03898 642.432 299.193 644.468 243.459 590.87 241.501 588.833 297.235
P2791 0.03493 4655.582 4458.398 4712.239 4390.432 4664.777 4350.868 4608.12 4418.835
P2791 0.00112 4508.484 4290.976 4526.963 4205.048 4441.583 4186.687 4423.104 4272.615
P2791 0.00108 4689.845 4481.115 4756.518 4387.318 4676.194 4330.223 4609.521 4424.02
P1596 0.00219 3704.226 2808.256 3705.126 2783.017 3647.371 2780.957 3646.471 2806.196
P2231 0.20091 604.411 921.348 618.778 838.198 526.584 822.268 512.217 905.418
P2231 0.00234 783.319 229.425 784.307 214.402 753.676 212.388 752.688 227.411
P0841 0.00273 359.719 2973.029 361.31 2919.574 314.526 2918.181 312.935 2971.637
P0841 0.00154 927.362 1874.154 928.566 1828.338 903.208 1827.672 902.004 1873.488
P1149 0.9391 2652.752 643.748 2763.526 527.709 2634.792 404.817 2524.018 520.856
P1149 0.92724 1530.535 1581.899 1647.536 1467.714 1518.077 1335.062 1401.076 1449.246
P1149 0.92022 1538.42 3618.233 1536.275 3309.518 1224.865 3311.681 1227.01 3620.396
P1149 0.89847 2460.95 827.876 2576.075 728.075 2443.517 575.164 2328.392 674.964
P1149 0.88498 1812.836 1340.679 1923.153 1228.109 1785.502 1093.213 1675.185 1205.784
P1149 0.83432 1256.346 2361.433 1253.007 2179.736 1063.046 2183.227 1066.385 2364.924
P1149 0.799 2226.859 970.114 2309.608 886.795 2209.232 787.105 2126.483 870.424
P1149 0.66749 2127.806 1159.718 2156.231 997.978 1996.974 969.99 1968.549 1131.729
P1149 0.52355 1625.442 3927.642 1631.384 3734.882 1448.674 3729.25 1442.731 3922.009
P1149 0.27669 1362.88 2905.243 1357.192 2758.333 1215.05 2763.835 1220.738 2910.746
P1149 0.04823 1327.902 1820.177 1377.224 1703.22 1246.191 1647.962 1196.869 1764.919
P1149 0.0249 3098.316 181.59 3133.232 46.389 2974.074 5.287 2939.158 140.489
P1149 0.02439 3100.357 161.146 3139.025 -19.211 2970.542 -55.332 2931.875 125.024
P1149 0.01281 1216.703 2165.146 1218.35 2064.613 1116.715 2062.948 1115.068 2163.481
P1149 0.00114 3033.269 3829.605 3047.715 3776.214 2997.307 3762.574 2982.86 3815.966
P1149 0.00106 3133.946 3695.786 3134.147 3634.241 3075.083 3634.049 3074.882 3695.594
P1147 0.00596 2172.399 4838.553 2162.449 4665.672 1951.824 4677.795 1961.775 4850.676
P0257 0.00119 951.458 938.946 952.821 918.966 936.942 917.882 935.579 937.863
P0249 0.00258 630.261 451.692 638.517 430.029 617.264 421.93 609.008 443.592
P0249 0.00224 287.58 1255.115 304.837 1238.793 280.19 1212.732 262.932 1229.053
P0249 0.0019 898.961 153.212 912.09 142.683 905.519 134.489 892.39 145.017
P0249 0.00138 301.206 703.401 321.157 684.643 309.474 672.217 289.523 690.975
P0249 0.00108 1006.609 1041.037 1008.062 1028.92 992.179 1027.015 990.726 1039.132
P0249 0.00102 985.767 1047.364 987.167 1034.987 963.33 1032.291 961.93 1044.668
P1137 0.00235 193.998 601.746 274.235 494.488 183.954 426.952 103.717 534.21
P1508 0.93208 1129.014 2008.98 1130.648 1890.929 1046.284 1889.762 1044.65 2007.813
P1508 0.92382 894.973 993.791 891.814 885.363 807.93 887.807 811.089 996.236
P1508 0.92041 624.023 1023.279 716.359 998.227 681.794 870.822 589.458 895.873
P1508 0.92035 724.209 1505.363 722.147 1395.4 641.043 1396.922 643.105 1506.884
P1508 0.91837 1355.193 2002.243 1354.569 1887.254 1254.665 1887.796 1255.289 2002.785
P1508 0.9143 1271.131 2405.89 1270.812 2291.316 1182.559 2291.561 1182.878 2406.135
P1508 0.90818 1284.063 2853.766 1280.472 2734.803 1194.77 2737.39 1198.361 2856.353
P1508 0.90798 1058.709 2428.598 1057.9 2307.908 967.653 2308.513 968.461 2429.203
P1508 0.89607 1068.246 1010.795 1147.691 958.716 1082.129 858.704 1002.684 910.783
P1508 0.88069 1048.777 2879.83 1118.399 2796.009 1030.348 2722.874 960.726 2806.696
P1508 0.74868 638.07 610.446 636.455 383.884 415.953 385.456 417.567 612.018
P1508 0.74414 1133.092 1512.814 1130.178 1391.218 1048.048 1393.186 1050.961 1514.782
P1508 0.74015 451.604 2027.634 451.169 1920.18 391.615 1920.421 392.051 2027.875
P1508 0.22675 1101.425 1521.578 1099.286 1418.603 1020.578 1420.238 1022.717 1523.213
P1508 0.22615 929.625 949.247 928.412 865.056 881.522 865.732 882.735 949.922
P1508 0.03417 529.126 437.946 533.208 363.864 423.919 357.842 419.837 431.924
P1508 0.01134 678.978 525.578 680.336 446.195 630.473 445.342 629.115 524.725
P1508 0.0028 1485.482 2134.357 1475.636 2014.265 1380.206 2022.089 1390.052 2142.181
P1184 0.0015 1765.422 3082.51 1773.43 3032.161 1726.639 3024.719 1718.631 3075.067
P1184 0.00124 1753.441 3013.065 1758.496 2970.145 1706.876 2964.067 1701.822 3006.987
