P1030 0.00796 3602.437 180.539 3955.708 136.634 3935.545 -25.607 3582.274 18.298
P2085 0.96363 748.86 333.099 776.487 124.916 652.328 108.44 624.701 316.623
P2085 0.96039 598.873 314.414 624.616 108.007 502.897 92.826 477.154 299.233
P2085 0.95968 959.648 355.432 987.568 144.233 861.397 127.554 833.477 338.753
P2689 0.00909 2555.712 233.757 2613.93 203.275 2592.542 162.427 2534.325 192.909
P2689 0.00326 1690.768 551.327 1697.029 507.663 1644.585 500.143 1638.324 543.807
P2689 0.0019 2569.166 309.487 2607.092 287.912 2580.268 240.758 2542.342 262.333
P2689 0.00139 1610.493 633.303 1613.207 581.606 1552.753 578.434 1550.04 630.131
P2689 0.00109 2654.567 307.16 2684.888 286.036 2659.062 248.967 2628.742 270.092
P2168 0.86067 1946.824 862.739 1946.931 765.503 1885.935 765.436 1885.827 862.672
P2168 0.85578 1017.582 988.269 1019.542 934.887 924.585 931.4 922.625 984.782
P2168 0.79251 1103.593 1016.749 1108.247 938.316 1046.437 934.648 1041.783 1013.081
P2168 0.78695 1871.307 964.929 1872.431 873.171 1813.891 872.454 1812.768 964.212
P2168 0.50714 1804.521 972.292 1804.448 884.524 1748.471 884.57 1748.544 972.338
P2168 0.45797 1015.545 1025.32 1016.656 993.131 932.865 990.24 931.755 1022.429
P2168 0.37661 1870.546 864.291 1873.352 763.536 1820.07 762.052 1817.264 862.807
P2168 0.36806 1158.203 1020.844 1163.141 942.692 1100.852 938.755 1095.914 1016.907
P2168 0.15519 1717.228 810.629 1716.062 702.39 1660.748 702.986 1661.913 811.225
P2168 0.12633 1948.278 967.049 1949.564 819.591 1882.911 819.01 1881.625 966.468
P2168 0.01905 1762.253 818.608 1764.213 748.629 1710.493 747.125 1708.533 817.104
P2168 0.00176 618.78 897.421 622.232 802.06 574.916 800.347 571.463 895.708
P2168 0.00138 342.935 886.145 344.913 793.465 298.909 792.483 296.93 885.163
P2168 0.00105 1762.253 788.572 1762.363 713.996 1680.584 713.875 1680.474 788.451
P2168 0.00101 1080.563 1034.85 1084.348 966.663 1001.955 962.089 998.17 1030.277
P2758 0.01816 6460.971 622.966 6474.808 572.256 6403.9 552.907 6390.063 603.617
P2758 0.00845 6362.508 1112.094 6401.777 1030.561 6294.954 979.111 6255.685 1060.644
P2758 0.00824 6551.017 702.284 6574.775 646.625 6491.25 610.972 6467.492 666.632
P2758 0.00796 6411.398 917.283 6458.403 811.098 6398.142 784.422 6351.137 890.606
P2758 0.00658 2804.432 164.159 2830.937 83.478 2758.849 59.796 2732.344 140.477
P2758 0.00577 6538.837 930.524 6580.385 839.63 6450.264 780.151 6408.716 871.045
P2758 0.00503 6449.295 828.584 6473.833 769.786 6400.156 739.038 6375.618 797.837
P2758 0.00484 2716.103 99.88 2736.414 23.478 2662.026 3.703 2641.715 80.104
P2758 0.00365 6225.084 1083.609 6271.329 997.653 6224.892 972.669 6178.646 1058.625
P2758 0.00354 2710.568 164.533 2734.716 98.058 2665.198 72.805 2641.051 139.281
P2758 0.00323 6580.236 821.183 6604.834 765.417 6442.742 693.918 6418.143 749.683
P2758 0.00298 2543.975 450.718 2565.263 398.19 2464.957 357.538 2443.668 410.065
P2758 0.00266 6369.094 625.805 6389.671 560.284 6299.79 532.056 6279.213 597.577
P2758 0.00262 2709.726 456.365 2727.41 395.087 2652.046 373.337 2634.362 434.616
P2758 0.00231 2714.528 360.985 2728.581 312.702 2666.423 294.61 2652.37 342.893
P2758 0.00225 6512.153 1045.301 6577.197 927.527 6484.039 876.078 6418.995 993.851
P2758 0.00207 2631.666 430.593 2647.521 385.525 2574.276 359.758 2558.421 404.826
P2331 0.63152 1434.31 689.834 1435.503 640.994 1409.422 640.356 1408.228 689.197
P2331 0.48431 1473.682 689.576 1474.47 636.679 1446.136 636.257 1445.348 689.154
P2331 0.22085 1744.378 1837.381 1745.384 1794.205 1723.528 1793.696 1722.523 1836.873
P2331 0.21788 1717.847 1834.427 1718.397 1793.427 1694.325 1793.104 1693.775 1834.104
P2331 0.13677 1395.935 689.283 1397.139 638.199 1369.027 637.537 1367.823 688.62
P2331 0.03986 1668.458 616.674 1669.356 570.206 1645.65 569.748 1644.751 616.216
P2331 0.02974 1700.417 616.478 1701.86 570.647 1678.866 569.923 1677.423 615.754
P2331 0.01417 609.602 1182.538 610.511 1140.333 583.474 1139.75 582.564 1181.956
P2331 0.01211 1659.0 1830.09 1660.399 1794.55 1627.884 1793.271 1626.485 1828.81
P2331 0.00982 1636.687 616.347 1637.422 569.21 1613.682 568.84 1612.947 615.976
P2331 0.00786 1498.021 1108.803 1511.582 1067.633 1490.356 1060.641 1476.795 1101.811
P2331 0.00488 1783.448 1837.795 1784.63 1795.175 1760.16 1794.496 1758.978 1837.116
P2331 0.0026 1381.692 1059.327 1395.693 1016.175 1365.803 1006.477 1351.802 1049.629
P2331 0.00254 1595.843 1831.557 1596.496 1801.806 1567.751 1801.174 1567.097 1830.925
P2331 0.00235 1775.988 1843.411 1775.774 1795.328 1752.497 1795.432 1752.712 1843.515
P2331 0.00203 1519.719 1126.299 1530.453 1094.59 1509.563 1087.518 1498.828 1119.227
P2331 0.0018 1534.468 1100.056 1548.462 1069.328 1520.57 1056.625 1506.576 1087.354
P2331 0.0016 1360.208 718.363 1360.193 678.373 1319.379 678.388 1319.394 718.378
P2331 0.0015 1465.897 621.421 1467.083 577.924 1442.079 577.242 1440.893 620.74
P2331 0.0015 284.115 649.024 308.0 631.366 287.537 603.688 263.652 621.347
P2331 0.00142 700.805 697.904 710.65 676.255 673.506 659.364 663.661 681.012
P2331 0.00136 1421.027 1072.207 1432.235 1036.151 1412.089 1029.888 1400.881 1065.945
P2331 0.00134 1642.732 614.45 1643.819 569.884 1620.301 569.31 1619.214 613.876
P2331 0.00132 1482.333 1090.567 1492.911 1055.946 1469.119 1048.677 1458.542 1083.298
P2331 0.00119 1515.417 672.949 1517.404 625.105 1483.018 623.678 1481.032 671.521
P2331 0.00118 1386.187 733.875 1389.128 700.681 1360.591 698.153 1357.649 731.346
P2331 0.00109 1071.783 1242.47 1072.363 1152.104 1029.008 1151.826 1028.428 1242.193
P2331 0.00107 661.071 1189.008 660.101 1138.587 627.739 1139.209 628.709 1189.63
P2331 0.00103 661.961 1243.131 662.98 1195.718 638.897 1195.2 637.878 1242.613
P2331 0.00101 1463.047 1094.873 1474.472 1063.335 1449.222 1054.189 1437.798 1085.726
P2331 0.00101 3220.854 1020.617 3221.988 993.093 3198.597 992.13 3197.463 1019.654
P0457 0.95692 920.878 481.287 1076.159 393.498 1021.177 296.246 865.896 384.034
P0457 0.95654 746.102 573.552 901.305 490.695 849.992 394.579 694.789 477.437
P0491 0.38799 245.662 213.615 328.159 125.584 212.591 17.28 130.093 105.31
P0491 0.18681 424.947 58.589 428.521 -2.789 284.954 -11.151 281.38 50.227
P0491 0.14197 350.786 90.03 370.177 34.549 223.395 -16.753 204.004 38.729
P0491 0.06694 336.669 115.973 377.15 65.671 294.544 -0.807 254.063 49.496
P0491 0.03957 182.713 109.801 206.769 -7.456 32.809 -43.145 8.753 74.113
P0491 0.0367 392.149 64.187 393.62 -8.232 188.17 -12.407 186.698 60.012
P0491 0.00759 285.236 122.745 318.056 42.204 129.695 -34.554 96.874 45.987
P0491 0.0039 95.179 75.271 97.562 -10.895 -0.1 -13.595 -2.483 72.571
P0491 0.00224 318.286 41.386 315.201 -33.867 41.45 -22.645 44.535 52.608
P0491 0.00196 560.527 24.084 556.8 -34.565 306.675 -18.673 310.401 39.977
P0491 0.00162 82.112 126.424 78.964 -20.042 -10.013 -18.13 -6.865 128.337
P1903 0.00111 1365.786 504.046 1379.435 318.148 1091.241 296.989 1077.593 482.887
P0725 0.00157 1465.534 1130.022 1466.419 1064.177 1295.898 1061.887 1295.013 1127.732
P2166 0.9396 419.276 298.024 421.846 185.97 362.801 184.616 360.232 296.67
P2166 0.91934 356.345 296.279 358.106 187.892 304.955 187.028 303.194 295.416
P2166 0.34758 300.383 298.424 302.673 182.668 211.434 180.863 209.143 296.619
P2166 0.00151 251.482 294.904 254.351 186.949 200.296 185.513 197.428 293.467
P0146 0.01536 623.394 582.314 646.392 513.38 612.761 502.16 589.763 571.094
P0146 0.01193 640.896 607.294 663.757 533.131 619.989 519.639 597.128 593.803
P0146 0.0077 652.913 603.173 679.783 522.21 634.862 507.302 607.993 588.265
P0146 0.00477 687.041 619.888 707.761 543.595 647.945 527.35 627.225 603.642
P0833 0.97191 1339.151 567.37 1451.705 525.038 1377.14 326.785 1264.587 369.117
P0833 0.96748 562.086 326.738 656.625 246.577 513.536 77.823 418.997 157.984
P0833 0.95841 664.782 242.542 759.572 161.616 619.309 -2.675 524.52 78.251
P0833 0.95073 1409.391 812.028 1526.619 772.079 1455.567 563.58 1338.339 603.529
P0833 0.95012 456.121 416.187 552.648 335.611 410.465 165.283 313.939 245.86
P0833 0.94724 1208.925 612.719 1318.664 573.757 1246.61 370.806 1136.87 409.768
P0833 0.9465 232.843 567.375 327.237 490.003 200.173 334.985 105.779 412.357
P0833 0.93631 339.058 487.259 430.932 410.83 300.708 254.291 208.835 330.72
P2502 0.00977 297.487 579.643 391.526 419.877 312.348 373.272 218.309 533.038
P2502 0.00541 510.563 727.037 529.964 694.681 512.503 684.211 493.102 716.567
P2502 0.00145 652.012 1817.211 667.536 1778.543 612.522 1756.455 596.997 1795.124
P0815 0.03378 73.181 851.605 73.233 756.567 -20.799 756.515 -20.851 851.554
P2587 0.03884 1114.511 776.878 1153.295 636.701 1076.439 615.436 1037.655 755.614
P2587 0.00528 1032.38 743.282 1068.482 607.111 989.535 586.18 953.433 722.351
P2587 0.0016 949.671 714.83 987.964 580.783 905.688 557.278 867.394 691.326
P1456 0.92572 639.388 1863.423 640.915 1653.045 523.62 1652.193 522.093 1862.571
P1456 0.92392 880.226 1852.56 878.232 1654.107 767.89 1655.216 769.884 1853.668
P1456 0.92183 514.839 1860.745 517.47 1647.054 405.854 1645.68 403.224 1859.37
P1456 0.91853 1008.572 1853.927 1010.591 1649.834 891.426 1648.655 889.407 1852.748
P1456 0.91354 756.847 1859.431 758.682 1660.619 646.432 1659.583 644.597 1858.394
P1456 0.9103 468.054 1262.898 465.952 1047.765 349.096 1048.907 351.198 1264.04
P1456 0.91003 393.382 1855.967 395.358 1650.453 276.25 1649.308 274.274 1854.822
P1456 0.90959 469.007 1514.736 467.169 1294.408 348.812 1295.396 350.65 1515.723
P1456 0.90365 468.405 1022.245 467.044 798.159 348.63 798.879 349.992 1022.964
P1456 0.11626 344.962 1517.103 343.056 1357.734 264.214 1358.677 266.12 1518.046
P1456 0.05954 342.787 1247.565 339.875 1059.832 258.699 1061.091 261.612 1248.824
P1456 0.03177 344.292 1038.802 339.483 802.753 249.849 804.579 254.658 1040.628
P1456 0.00114 336.232 1449.5 338.02 1278.875 265.174 1278.111 263.385 1448.736
P2197 0.00897 2072.921 864.383 2078.083 785.929 2027.595 782.607 2022.433 861.061
P2197 0.00226 2090.08 1418.332 2095.411 1332.514 2049.898 1329.686 2044.567 1415.505
P1950 0.00115 225.397 564.143 225.697 498.59 36.922 497.727 36.622 563.28
P1230 0.01476 2887.362 3170.19 2915.207 3130.791 2874.137 3101.765 2846.292 3141.163
P1230 0.00788 3345.084 3689.915 3377.107 3656.032 3349.183 3629.641 3317.16 3663.524
P1230 0.00273 2829.37 3097.96 2847.257 3073.634 2825.865 3057.904 2807.978 3082.23
P1506 0.00688 2162.381 904.284 2261.429 856.312 2159.739 646.349 2060.69 694.321
P1506 0.00654 777.683 585.316 858.53 570.293 830.878 421.481 750.031 436.504
P1506 0.0047 1939.754 922.251 2007.722 886.269 1938.863 756.198 1870.895 792.18
P1506 0.00215 2054.624 902.044 2133.887 860.676 2050.214 700.356 1970.951 741.724
P2286 0.0039 321.14 202.848 333.717 178.213 305.766 163.943 293.189 188.578
P2286 0.00154 2202.835 1565.357 2205.611 1536.644 2176.78 1533.856 2174.004 1562.569
P0110 0.00221 1813.42 1439.386 1816.066 1417.934 1783.995 1413.978 1781.349 1435.43
P0110 0.00189 1843.411 1383.765 1850.39 1357.941 1805.504 1345.81 1798.524 1371.633
P2570 0.00144 1196.271 1078.503 1311.78 1067.154 1294.536 891.646 1179.028 902.994
P1463 0.95246 857.781 1322.994 945.75 1141.694 841.262 1090.995 753.293 1272.296
P1463 0.93953 985.192 1381.902 1069.183 1197.172 958.994 1147.072 875.002 1331.802
P1463 0.93931 952.813 1114.913 1037.668 928.706 933.208 881.104 848.353 1067.31
P1463 0.93429 1079.455 1174.288 1164.563 998.563 1059.265 947.565 974.157 1123.29
P1463 0.25641 2674.2 2705.993 2730.272 2584.766 2667.474 2555.719 2611.401 2676.947
P1463 0.19965 2753.173 2748.57 2817.124 2620.378 2749.246 2586.516 2685.295 2714.707
P1463 0.0649 2925.871 2839.482 2993.662 2710.682 2931.063 2677.735 2863.272 2806.534
P1463 0.05355 2850.641 2790.423 2908.19 2663.535 2841.538 2633.305 2783.988 2760.193
P1463 0.02859 911.54 1556.697 963.572 1425.831 885.902 1394.95 833.87 1525.816
P1463 0.0034 790.497 1494.182 849.377 1360.16 767.309 1324.105 708.429 1458.127
P0194 0.00277 650.64 150.496 656.713 -0.947 515.436 -6.612 509.362 144.831
P0131 0.73898 983.963 371.046 986.08 270.812 917.26 269.359 915.144 369.592
P0131 0.56945 1048.954 369.106 1100.025 366.476 1094.984 268.613 1043.914 271.243
P0131 0.2113 913.278 371.352 913.952 269.51 853.5 269.11 852.825 370.952
P0131 0.00888 945.008 209.538 942.912 155.804 897.135 157.589 899.231 211.324
P0131 0.00819 944.079 221.403 942.018 170.64 900.163 172.339 902.224 223.103
P1440 0.94885 192.828 1173.867 297.412 1123.114 205.65 934.024 101.065 984.777
P1440 0.94593 306.014 1120.492 402.897 1072.017 311.103 888.556 214.22 937.031
P1440 0.94581 298.84 1379.312 398.312 1327.336 298.712 1136.719 199.24 1188.695
P1440 0.94421 504.041 1253.198 612.08 1200.045 515.035 1002.787 406.995 1055.94
P1440 0.94263 401.696 1322.183 499.026 1270.84 402.739 1088.308 305.409 1139.651
P2393 0.00204 214.699 119.567 238.043 101.777 225.531 85.359 202.187 103.148
P0770 0.0179 1065.341 236.524 1096.91 156.516 1047.386 136.975 1015.818 216.984
P0770 0.00177 354.36 588.444 385.969 506.591 343.675 490.258 312.066 572.111
P0770 0.00163 1092.894 440.37 1113.001 394.597 1087.706 383.486 1067.599 429.259
P0770 0.00125 1538.464 22.603 1539.373 -0.99 1501.371 -2.455 1500.461 21.138
P0770 0.00112 1461.12 11.007 1461.1 -3.424 1428.855 -3.379 1428.875 11.052
P2169 0.01752 188.091 16.877 187.898 6.624 174.97 6.867 175.163 17.12
P2169 0.00207 180.592 16.218 180.835 6.413 164.996 6.021 164.753 15.826
P2169 0.00193 199.209 29.012 199.899 17.283 190.361 16.722 189.67 28.45
P2169 0.00182 185.047 35.767 185.61 20.28 171.287 19.759 170.723 35.247
P2169 0.00111 212.038 32.581 212.852 19.76 201.738 19.054 200.924 31.875
P0374 0.96255 814.017 527.612 905.286 464.248 797.615 309.161 706.346 372.525
P0374 0.96213 714.143 597.84 806.766 533.752 699.14 378.207 606.517 442.296
P0374 0.58386 1107.801 431.905 1195.304 363.076 1120.637 268.15 1033.134 336.979
P0374 0.08798 1047.158 362.325 1157.25 339.553 1118.942 154.351 1008.85 177.123
P0374 0.00185 45.236 1205.648 47.181 1037.924 -0.268 1037.373 -2.213 1205.098
P0374 0.00168 1130.318 543.145 1255.877 492.871 1222.345 409.125 1096.786 459.399
P2378 0.00706 1487.825 220.541 1577.588 177.446 1539.177 97.442 1449.415 140.538
P2378 0.00269 1690.476 109.192 1704.359 90.873 1685.345 76.463 1671.462 94.782
P2378 0.00242 1632.227 186.755 1655.396 167.408 1619.156 124.008 1595.986 143.356
P2378 0.00203 1612.043 59.717 1634.632 44.773 1626.904 33.092 1604.315 48.036
P2378 0.0018 1720.363 255.934 1778.635 191.613 1760.862 175.511 1702.59 239.832
P2378 0.00113 287.885 107.178 337.225 63.522 322.144 46.478 272.805 90.134
P0352 0.05128 835.953 229.789 950.132 139.66 879.969 50.774 765.79 140.903
P0352 0.00774 1019.077 87.521 1020.339 17.413 850.837 14.363 849.575 84.471
P0352 0.00162 743.164 111.944 842.714 43.939 791.96 -30.359 692.41 37.646
P1219 0.00157 129.576 2627.69 157.545 2611.498 127.92 2560.327 99.951 2576.52
P1219 0.00119 191.804 2206.007 293.613 2098.412 209.779 2019.087 107.97 2126.682
P1268 0.00118 1035.839 3296.993 1042.634 3253.53 1006.511 3247.884 999.717 3291.347
P1266 0.00137 3567.581 858.967 3595.706 846.146 3573.327 797.053 3545.202 809.874
P1266 0.00135 3868.587 807.484 3877.935 770.114 3858.163 765.169 3848.815 802.538
P2733 0.06052 291.846 2618.874 301.532 2585.503 247.905 2569.938 238.22 2603.309
P2733 0.0065 273.394 2636.588 280.943 2577.109 175.071 2563.67 167.521 2623.149
P2733 0.00501 298.564 2619.759 315.618 2588.292 255.001 2555.439 237.947 2586.905
P2733 0.00243 1236.04 2594.631 1259.644 2577.21 1224.931 2530.178 1201.327 2547.599
P2733 0.00131 1104.704 364.046 1105.266 337.697 1077.772 337.111 1077.21 363.459
P1713 0.00904 3025.178 68.526 3059.579 53.297 3030.934 -11.41 2996.533 3.819
P1713 0.00709 2937.648 77.121 2978.231 66.195 2958.064 -8.712 2917.481 2.214
P1713 0.00457 3180.767 52.863 3203.137 25.629 3160.371 -9.5 3138.0 17.735
P1713 0.00396 3184.224 73.102 3212.518 43.182 3175.237 7.927 3146.943 37.848
P1713 0.00394 3087.363 64.438 3115.927 44.346 3087.183 3.482 3058.619 23.574
P1713 0.0033 3045.867 54.275 3077.724 36.871 3046.697 -19.923 3014.84 -2.52
P1713 0.00216 3855.383 3670.018 3869.727 3608.82 3833.736 3600.384 3819.391 3661.582
P1713 0.00207 2832.832 93.059 2880.223 76.47 2851.76 -4.842 2804.369 11.747
P1713 0.00205 2315.646 54.849 2335.719 28.472 2290.844 -5.677 2270.772 20.7
P1713 0.00193 2967.325 71.191 3003.902 56.168 2976.165 -11.364 2939.588 3.659
P1713 0.00181 3138.898 76.177 3162.594 56.836 3135.173 23.242 3111.477 42.582
P2351 0.00656 654.676 544.709 667.71 462.183 621.151 454.829 608.116 537.355
P2351 0.00222 1219.983 294.524 1224.624 268.273 1205.901 264.962 1201.26 291.213
P1189 0.95638 656.642 736.192 704.848 699.519 644.443 620.117 596.236 656.79
P1189 0.95463 559.3 670.161 641.042 612.385 606.13 562.992 524.389 620.768
P1384 0.00835 2900.326 5615.049 2910.656 5519.388 2791.879 5506.562 2781.549 5602.223
P1384 0.00378 2857.665 5546.559 2867.208 5449.262 2792.343 5441.919 2782.8 5539.216
P1384 0.00358 2928.786 5586.113 2949.209 5441.837 2813.46 5422.62 2793.037 5566.896
P1384 0.00345 2996.777 5595.719 3005.605 5514.322 2927.062 5505.804 2918.234 5587.2
P1384 0.00338 2217.771 271.796 2235.613 185.576 2162.602 170.468 2144.76 256.688
P2385 0.00147 1624.177 1742.452 1638.44 1733.748 1622.37 1707.412 1608.106 1716.116
P2541 0.00249 1493.622 1633.758 1491.964 1600.42 1466.546 1601.684 1468.204 1635.022
P0237 0.00292 678.778 62.487 722.514 7.893 674.982 -30.185 631.247 24.409
P1643 0.00125 1422.627 2611.396 1424.626 2574.944 1389.31 2573.008 1387.312 2609.459
P1647 0.00173 1951.498 3069.46 1970.728 3050.41 1956.318 3035.864 1937.088 3054.915
P1370 0.00121 1113.324 1013.087 1156.472 965.701 1091.687 906.709 1048.538 954.096
P1257 0.00959 1865.848 704.137 1923.579 682.944 1912.577 652.974 1854.846 674.167
P1257 0.00558 1866.037 747.056 1931.118 725.441 1920.331 692.965 1855.251 714.581
P1257 0.00548 1798.194 750.061 1852.962 728.307 1838.801 692.657 1784.034 714.411
P1257 0.00393 1533.655 462.11 1599.179 431.141 1584.926 400.984 1519.402 431.953
P1257 0.00274 1886.521 700.818 1937.89 686.759 1926.915 646.659 1875.546 660.719
P1257 0.00248 1825.499 836.489 1845.7 822.236 1829.943 799.905 1809.743 814.158
P1257 0.00236 1674.183 801.802 1697.82 775.989 1674.149 754.313 1650.512 780.126
P1257 0.00226 1524.052 450.936 1592.982 418.756 1578.343 387.398 1509.412 419.579
P1257 0.00186 2312.578 256.948 2352.974 222.648 2333.735 199.989 2293.339 234.289
P1314 0.00126 439.299 298.983 444.572 208.99 380.187 205.217 374.914 295.21
P1246 0.00396 2529.466 1788.406 2554.803 1748.433 2534.546 1735.593 2509.209 1775.566
P1246 0.0033 2626.832 1886.984 2652.911 1845.911 2633.432 1833.543 2607.353 1874.617
P1246 0.00131 2481.354 1803.334 2496.499 1780.906 2468.942 1762.299 2453.798 1784.727
P1240 0.00272 2259.459 2659.213 2264.444 2625.956 2223.764 2619.859 2218.78 2653.117
P0259 0.00218 1354.157 1974.352 1364.857 1889.687 1326.522 1884.842 1315.822 1969.507
P0259 0.00143 1315.068 1971.433 1324.552 1889.154 1283.9 1884.468 1274.415 1966.747
P0259 0.00136 1389.07 1309.436 1391.284 1274.11 1300.077 1268.394 1297.864 1303.72
P0385 0.96363 121.617 700.31 238.24 648.46 143.587 435.56 26.964 487.409
P0385 0.60048 -5.408 756.994 109.684 707.988 29.299 519.205 -85.792 568.212
P0385 0.00453 834.462 964.389 933.997 636.211 601.137 535.256 501.602 863.434
P0385 0.00286 170.034 904.133 173.485 866.277 60.695 855.995 57.244 893.85
P0375 0.00232 62.039 905.705 92.463 873.722 73.368 855.557 42.943 887.54
P2766 0.02294 5370.641 76.848 5368.963 5.5 5242.412 8.477 5244.09 79.825
P2766 0.01284 1949.847 2925.19 1951.372 2893.675 1920.45 2892.179 1918.925 2923.694
P2766 0.01157 1789.184 2855.442 1792.17 2820.26 1756.067 2817.196 1753.08 2852.377
P2766 0.01069 4949.853 823.658 4955.306 788.632 4919.807 783.105 4914.354 818.131
P2766 0.01037 5078.19 820.563 5083.376 790.988 5054.514 785.928 5049.328 815.502
P2766 0.00992 3198.217 3772.821 3201.133 3717.771 3166.701 3715.946 3163.785 3770.997
P2766 0.00981 1881.872 2851.887 1884.322 2813.857 1841.906 2811.125 1839.457 2849.155
P2766 0.00978 4732.56 758.957 4736.986 729.386 4708.108 725.064 4703.682 754.635
P2766 0.00868 4947.155 900.294 4951.761 869.104 4920.77 864.527 4916.164 895.718
P2766 0.00798 4307.986 1384.431 4310.34 1351.658 4279.086 1349.413 4276.732 1382.186
P2766 0.00767 2080.77 2994.332 2086.84 2961.655 2055.671 2955.865 2049.601 2988.542
P2766 0.00748 2861.065 2980.159 2861.689 2952.041 2811.6 2950.93 2810.976 2979.048
P2766 0.00742 2878.269 3056.978 2878.039 3033.353 2810.457 3034.013 2810.688 3057.638
P2766 0.00721 5022.111 825.357 5030.448 779.897 4988.271 772.162 4979.935 817.623
P2766 0.00677 2720.305 1817.79 2723.495 1772.654 2684.731 1769.914 2681.541 1815.05
P0673 0.96196 942.65 648.849 985.972 541.644 820.3 474.697 776.979 581.902
P0673 0.95948 889.017 759.455 933.632 654.323 773.231 586.253 728.616 691.385
P0673 0.95264 842.185 871.979 891.582 773.979 734.37 694.737 684.973 792.737
P0673 0.94773 205.362 590.709 242.023 484.772 73.307 426.384 36.645 532.321
P0673 0.94307 248.851 488.574 295.23 379.176 129.246 308.807 82.867 418.205
P0673 0.94001 294.018 381.525 343.691 280.226 175.399 197.703 125.727 299.001
P0673 0.00254 1118.426 19.15 1117.805 -4.206 968.993 -0.248 969.614 23.109
P1471 0.65976 4046.352 4624.393 4045.671 4478.105 3948.615 4478.558 3949.297 4624.845
P1471 0.07575 4222.483 4617.771 4222.559 4481.159 4095.866 4481.088 4095.79 4617.699
P1471 0.03575 3902.722 4609.54 3900.989 4476.428 3764.036 4478.211 3765.769 4611.323
P1471 0.02052 4121.984 4615.368 4121.865 4480.767 4047.134 4480.833 4047.253 4615.434
P1471 0.01319 788.717 2863.995 820.32 2787.319 736.967 2752.964 705.364 2829.64
P1471 0.01115 795.898 2584.766 793.483 2189.17 579.452 2190.476 581.867 2586.072
P1471 0.0091 542.178 2114.884 541.156 1956.863 453.592 1957.43 454.615 2115.451
P1471 0.0019 4735.403 2840.715 4729.381 2536.006 4448.072 2541.565 4454.093 2846.274
P1471 0.00178 842.907 2839.92 857.549 2725.449 754.349 2712.249 739.707 2826.719
P1377 0.0195 521.463 3856.829 546.691 3757.038 383.774 3715.853 358.547 3815.644
P1380 0.01026 3527.339 2721.671 3612.583 2661.998 3580.367 2615.977 3495.123 2675.65
P1380 0.0075 2085.715 3611.977 2163.285 3563.244 2129.38 3509.275 2051.809 3558.009
P1380 0.00702 376.864 3697.751 456.317 3658.453 435.985 3617.347 356.532 3656.646
P1380 0.00572 2359.536 352.742 2384.611 308.634 2356.06 292.403 2330.984 336.511
P1380 0.00537 4169.491 4465.249 4199.027 4421.938 4161.679 4396.469 4132.143 4439.78
P1380 0.00308 2090.988 3638.823 2174.113 3586.102 2145.443 3540.899 2062.318 3593.62
P1380 0.00278 3758.296 2807.267 3740.251 2776.873 3685.24 2809.533 3703.285 2839.927
P1380 0.00276 4116.029 4462.671 4140.676 4427.931 4108.587 4405.164 4083.94 4439.904
P1380 0.00232 2298.548 341.107 2329.445 286.385 2295.393 267.159 2264.496 321.881
P1380 0.0023 2380.667 355.016 2409.787 305.598 2373.46 284.193 2344.341 333.61
P1380 0.00227 3510.455 2595.094 3458.724 2508.879 3412.624 2536.54 3464.354 2622.755
P1380 0.00226 4150.892 4535.905 4195.743 4485.545 4141.803 4437.507 4096.953 4487.867
P1380 0.00182 1997.578 3674.543 2033.75 3654.877 1992.063 3578.202 1955.892 3597.867
P1380 0.00169 3471.7 2769.295 3544.398 2716.753 3505.129 2662.42 3432.432 2714.962
P1380 0.00143 3626.492 2286.815 3674.092 2253.06 3654.625 2225.608 3607.025 2259.363
P1380 0.00137 1986.292 3693.262 2024.944 3672.537 1983.731 3595.677 1945.079 3616.402
P1380 0.00123 508.997 3688.837 543.471 3665.833 524.769 3637.808 490.296 3660.812
P1380 0.00118 2046.774 3640.327 2109.419 3601.079 2075.491 3546.924 2012.845 3586.173
P1380 0.00117 2252.611 4014.824 2309.216 3973.419 2284.701 3939.905 2228.096 3981.311
P1380 0.00117 389.822 3646.108 443.42 3610.788 420.335 3575.757 366.737 3611.077
P1380 0.00117 2808.873 2601.525 2755.746 2521.347 2715.9 2547.749 2769.028 2627.927
P1380 0.00112 440.863 3702.681 494.945 3676.11 479.761 3645.206 425.679 3671.776
P2754 0.01342 1115.577 2292.289 1131.32 2238.522 1083.124 2224.41 1067.381 2278.177
P2754 0.00933 1102.039 2274.174 1114.863 2226.358 1073.468 2215.256 1060.644 2263.072
P2754 0.00875 1149.853 2220.75 1163.889 2175.117 1117.04 2160.707 1103.004 2206.34
P2754 0.00707 1048.417 561.541 1058.876 510.472 1009.831 500.428 999.372 551.497
P2754 0.00534 2183.316 130.372 2186.811 110.103 2164.61 106.276 2161.115 126.544
P2754 0.00524 2176.668 181.701 2180.068 157.976 2157.651 154.763 2154.251 178.488
P2754 0.00491 2283.626 122.46 2284.3 107.259 2261.962 106.268 2261.288 121.47
P2754 0.00474 1071.998 2233.84 1082.569 2197.981 1051.138 2188.715 1040.567 2224.574
P2754 0.00352 2226.438 78.551 2229.741 57.904 2206.826 54.237 2203.522 74.884
P2754 0.00287 2046.506 3013.258 2050.937 2975.855 2016.653 2971.794 2012.223 3009.197
P2754 0.00286 2239.44 129.448 2240.742 112.733 2218.254 110.981 2216.952 127.695
P2754 0.00277 1085.651 579.281 1099.966 519.042 1038.678 504.478 1024.363 564.717
P2754 0.00277 2245.202 3201.645 2251.451 3152.996 2213.864 3148.167 2207.615 3196.816
P2754 0.00213 2181.592 82.009 2186.286 61.629 2162.917 56.247 2158.223 76.627
P2754 0.00159 2097.521 2968.701 2102.526 2943.653 2074.641 2938.081 2069.636 2963.128
P2754 0.00156 1078.76 2191.673 1085.602 2162.795 1041.684 2152.39 1034.843 2181.268
P1960 0.00213 535.433 61.579 534.601 -14.2 328.941 -11.944 329.773 63.835
P1376 0.00301 4642.227 2199.475 4601.065 2016.194 4518.194 2034.806 4559.355 2218.086
P1786 0.01869 2925.903 2566.435 2965.088 2528.724 2883.444 2443.888 2844.259 2481.599
P1786 0.00479 2696.985 2470.123 2711.316 2428.338 2665.475 2412.616 2651.144 2454.401
P1786 0.00425 2802.423 2441.677 2839.654 2406.507 2767.818 2330.459 2730.586 2365.629
P1786 0.00247 2981.235 2519.198 3014.834 2488.352 2943.049 2410.159 2909.45 2441.005
P1786 0.0023 2670.428 2288.276 2704.182 2258.642 2639.128 2184.542 2605.374 2214.176
P1786 0.00103 2867.281 735.512 2861.766 706.882 2846.342 709.853 2851.856 738.483
P2394 0.00424 578.698 1060.436 579.717 1044.111 566.638 1043.295 565.619 1059.62
P2394 0.00386 784.077 1724.648 785.829 1706.207 773.537 1705.039 771.784 1723.48
P2394 0.00295 1662.154 56.858 1677.283 38.641 1657.89 22.535 1642.76 40.752
P2394 0.00273 762.23 1720.53 764.937 1701.576 741.12 1698.174 738.413 1717.128
P2394 0.0023 1209.52 500.909 1234.577 478.481 1221.515 463.888 1196.458 486.317
P2394 0.00222 774.773 1724.537 777.564 1702.208 752.56 1699.082 749.768 1721.411
P2394 0.00222 1294.417 1046.899 1305.223 1023.706 1280.281 1012.085 1269.475 1035.277
P2394 0.0022 571.912 1093.786 572.544 1074.452 560.982 1074.074 560.35 1093.408
P2394 0.00208 586.454 1084.151 587.726 1065.78 576.034 1064.97 574.762 1083.341
P2394 0.00195 544.322 1069.241 547.445 1047.903 534.709 1046.039 531.586 1067.377
P2394 0.00178 547.869 1088.077 549.506 1069.403 536.662 1068.277 535.025 1086.951
P2394 0.0015 548.851 1147.337 555.858 1125.454 539.839 1120.325 532.832 1142.208
P2394 0.00132 1239.624 470.799 1254.075 462.997 1241.622 439.932 1227.171 447.734
P2394 0.00113 578.806 1124.746 581.317 1101.031 563.034 1099.095 560.523 1122.811
P2394 0.00103 482.465 834.747 494.987 817.254 481.816 807.826 469.295 825.319
P2394 0.00101 98.576 1288.84 104.089 1272.309 84.744 1265.859 79.232 1282.39
P1410 0.00146 1515.984 3914.227 1541.565 3765.606 1385.125 3738.679 1359.544 3887.3
P1410 0.0012 657.826 1861.824 659.601 1817.842 608.125 1815.765 606.35 1859.746
P2446 0.0013 1133.465 726.202 1132.448 685.203 1092.339 686.199 1093.357 727.197
P2446 0.00107 1514.057 1652.798 1513.724 1633.798 1480.962 1634.374 1481.296 1653.373
P1584 0.00149 176.896 3243.506 168.744 3211.222 113.12 3225.268 121.272 3257.552
P2462 0.00148 716.636 439.89 724.096 422.767 710.662 416.914 703.202 434.038
P2539 0.00186 378.95 47.764 380.531 29.23 365.575 27.955 363.995 46.489
P2539 0.00158 851.206 93.869 853.773 62.998 832.344 61.215 829.776 92.087
P2539 0.00122 366.118 88.457 368.712 75.844 356.52 73.337 353.927 85.95
P2539 0.00114 423.75 89.35 424.269 69.879 405.818 69.387 405.299 88.858
P2042 0.00175 468.651 99.105 469.487 35.027 403.379 34.165 402.543 98.243
P2042 0.00108 465.275 194.541 465.581 136.423 381.217 135.979 380.911 194.097
P0130 0.01933 413.315 576.099 413.558 554.998 402.369 554.869 402.126 575.97
P0130 0.00737 427.482 576.47 427.459 555.598 416.973 555.609 416.996 576.481
P0130 0.00292 444.038 576.517 443.955 555.324 432.758 555.367 432.841 576.56
P2455 0.00122 1169.216 449.413 1168.45 370.615 1093.499 371.343 1094.264 450.142
P0683 0.00352 1664.97 145.638 1754.392 131.755 1732.215 -11.09 1642.793 2.793
P0683 0.00326 701.827 413.39 918.849 397.158 911.916 304.452 694.893 320.684
P0683 0.00198 786.651 1544.448 786.871 1443.318 629.906 1442.976 629.686 1544.107
P2012 0.00223 469.047 75.57 468.71 56.48 458.099 56.667 458.435 75.757
P1754 0.00143 1569.615 4175.554 1598.984 4148.965 1575.687 4123.232 1546.318 4149.821
P2342 0.0051 117.899 1764.1 144.396 1654.85 83.332 1640.04 56.835 1749.29
P1598 0.00277 3133.939 2774.82 3186.337 2708.197 3140.86 2672.43 3088.462 2739.053
P1596 0.0076 3243.6 824.512 3287.72 758.499 3221.972 714.556 3177.852 780.569
P1596 0.00441 2544.919 1117.091 2599.107 1062.337 2566.54 1030.107 2512.353 1084.861
P1596 0.00358 450.94 1867.071 486.926 1798.527 422.449 1764.676 386.463 1833.22
P1596 0.0028 2466.133 1138.907 2503.302 1092.412 2459.827 1057.658 2422.658 1104.153
P1596 0.00255 2593.974 3012.065 2621.371 2957.142 2573.455 2933.241 2546.058 2988.164
P1596 0.00239 2551.599 3038.814 2565.271 2992.376 2520.201 2979.107 2506.529 3025.545
P1596 0.00233 551.427 2058.365 578.592 2016.982 534.373 1987.956 507.209 2029.338
P1596 0.00163 428.592 1831.562 458.689 1766.331 392.22 1735.664 362.124 1800.895
P1596 0.00139 2376.711 3101.61 2502.736 2999.579 2424.701 2903.194 2298.677 3005.225
P1596 0.00114 1201.655 185.972 1223.946 153.531 1145.269 99.472 1122.979 131.913
P1672 0.00155 3748.419 690.119 3763.876 658.557 3703.623 629.047 3688.165 660.61
P1672 0.00128 2287.38 273.509 2325.793 213.634 2283.087 186.236 2244.674 246.111
P1672 0.00103 3914.624 620.011 3928.015 570.808 3877.429 557.041 3864.038 606.244
P2429 0.00136 206.354 2003.26 217.065 1978.659 170.466 1958.37 159.755 1982.97
P1432 0.1064 1851.195 984.137 1852.529 904.435 1804.099 903.624 1802.764 983.326
P1432 0.01628 1854.404 951.485 1856.885 872.857 1808.682 871.336 1806.2 949.964
P1432 0.01051 1855.01 1032.982 1858.636 918.388 1788.418 916.166 1784.792 1030.76
P1432 0.00842 1814.16 1017.579 1819.273 897.191 1763.366 894.817 1758.254 1015.204
P1432 0.00616 1748.305 1164.582 1742.627 889.041 1587.672 892.234 1593.35 1167.775
P1432 0.00322 1864.553 957.146 1864.359 887.377 1831.757 887.468 1831.951 957.236
P1432 0.00233 1901.294 915.65 1902.109 873.584 1878.177 873.12 1877.362 915.186
P1432 0.00134 1895.927 974.493 1896.99 895.875 1868.836 895.494 1867.773 974.113
P1432 0.00133 1572.208 1117.337 1574.331 1060.683 1545.17 1059.59 1543.046 1116.244
P1432 0.00122 1862.757 1081.861 1869.365 959.204 1785.302 954.675 1778.693 1077.332
P2449 0.02079 149.027 1110.897 154.155 1073.683 118.801 1068.811 113.673 1106.025
P2449 0.00214 147.4 1044.971 151.354 1029.865 129.953 1024.264 126.0 1039.37
P2449 0.00107 171.645 1034.742 175.487 1021.488 152.153 1014.725 148.311 1027.978
P0086 0.02162 799.74 1517.696 897.373 1419.886 845.579 1368.186 747.946 1465.995
P0086 0.00916 935.806 1517.37 953.588 1390.207 780.589 1366.015 762.807 1493.178
P0086 0.00166 898.584 1596.851 945.378 1374.942 760.19 1335.892 713.396 1557.801
P0665 0.00187 25.22 91.449 31.256 3.252 -8.117 0.557 -14.153 88.755
P2044 0.95518 274.505 551.642 334.869 548.866 330.305 449.587 269.94 452.363
P2044 0.94019 343.045 550.043 403.77 546.805 398.385 445.838 337.66 449.077
P2504 0.03845 1242.705 463.611 1273.118 454.994 1265.292 427.375 1234.88 435.991
P2504 0.02198 1245.646 494.639 1273.744 485.525 1265.745 460.865 1237.647 469.979
P2504 0.01436 1253.783 503.239 1277.659 489.782 1263.589 464.821 1239.713 478.279
P2504 0.00947 1275.977 524.613 1298.361 517.408 1288.896 488.0 1266.512 495.204
P2504 0.00617 1262.765 492.149 1290.226 483.809 1282.272 457.619 1254.811 465.959
P2504 0.00418 1271.09 534.613 1297.458 525.043 1285.491 492.068 1259.122 501.638
P2504 0.00184 1258.946 527.31 1288.058 520.481 1282.657 497.456 1253.544 504.285
P2504 0.00131 1260.021 537.027 1282.031 517.68 1264.518 497.758 1242.509 517.105
P2129 0.00146 838.522 136.454 843.945 83.464 819.725 80.986 814.302 133.976
P2375 0.01719 1271.249 1066.169 1280.74 1046.123 1237.557 1025.675 1228.065 1045.72
P2375 0.01142 1020.178 186.774 1030.666 180.767 1022.829 167.084 1012.341 173.092
P2375 0.00788 1296.607 1030.452 1309.525 1004.801 1261.441 980.586 1248.523 1006.238
P2375 0.00738 1283.4 1045.547 1292.009 1028.889 1250.016 1007.186 1241.407 1023.844
P2375 0.00619 1029.659 201.589 1040.162 196.797 1034.271 183.883 1023.768 188.674
P2375 0.00607 1223.568 956.565 1233.076 931.909 1205.065 921.108 1195.557 945.764
P2375 0.0054 1236.802 960.749 1245.543 936.426 1224.643 928.915 1215.902 953.238
P2375 0.00435 1025.37 1052.306 1046.449 1046.012 1033.577 1002.901 1012.498 1009.195
P2375 0.00302 953.758 341.478 978.304 333.191 963.446 289.18 938.9 297.467
P2375 0.00245 1019.268 215.236 1032.431 207.461 1024.224 193.567 1011.061 201.342
P2375 0.00199 1265.035 1070.074 1274.678 1048.614 1226.428 1026.932 1216.785 1048.392
P2375 0.00195 942.037 352.206 970.761 340.293 952.044 295.165 923.32 307.079
P2375 0.00181 987.824 211.353 999.864 206.45 990.099 182.475 978.06 187.378
P2375 0.00153 821.626 942.456 825.56 870.526 756.87 866.769 752.936 938.699
P2375 0.00144 975.069 207.439 987.186 204.039 981.617 184.19 969.499 187.59
P2375 0.00142 897.728 227.101 895.815 213.366 886.737 214.63 888.65 228.365
P2375 0.00119 1241.836 1022.483 1255.571 996.944 1235.103 985.936 1221.368 1011.475
P2375 0.00116 1515.372 55.111 1527.591 48.662 1517.985 30.462 1505.766 36.912
P2375 0.00104 989.24 586.445 1008.656 576.305 996.463 552.958 977.048 563.097
P2593 0.00133 140.351 61.655 182.216 53.284 170.282 -6.4 128.418 1.97
P1787 0.00316 630.451 23.554 630.771 1.456 554.729 0.353 554.408 22.45
P2768 0.1146 750.452 1797.502 750.871 1758.468 729.298 1758.237 728.879 1797.27
P2768 0.06539 781.674 1799.688 781.99 1759.13 758.546 1758.948 758.23 1799.505
P2768 0.03417 719.106 1799.151 719.839 1759.127 692.361 1758.624 691.628 1798.647
P2768 0.00744 919.844 2102.429 919.887 2053.68 888.557 2053.653 888.514 2102.402
P2768 0.00436 915.276 2042.614 915.193 2003.364 890.374 2003.417 890.457 2042.667
P2768 0.00266 909.42 1942.383 911.732 1914.423 884.866 1912.202 882.555 1940.162
P2768 0.00247 698.679 2072.048 699.592 2031.106 679.244 2030.652 678.331 2071.594
P0368 0.96135 690.535 819.404 796.226 709.002 714.367 630.636 608.676 741.038
P0368 0.03903 810.294 668.761 827.396 574.217 751.197 560.434 734.096 654.977
P0368 0.02833 811.731 691.338 818.379 429.625 740.954 427.658 734.306 689.371
P1137 0.00224 196.547 597.14 274.276 490.533 179.893 421.717 102.164 528.325
P0659 0.95287 212.486 368.339 415.373 315.602 388.16 210.909 185.273 263.646
P0242 0.95366 95.789 620.042 202.196 606.766 182.174 446.28 75.767 459.555
P0882 0.00775 318.933 387.463 342.54 243.939 259.895 230.345 236.287 373.87
P0882 0.00194 790.277 1108.138 788.804 1077.442 759.779 1078.835 761.252 1109.531
P0882 0.00181 849.63 1130.409 849.095 1016.676 789.948 1016.954 790.484 1130.687
P0882 0.00115 788.054 1074.632 788.468 1033.875 762.737 1033.613 762.324 1074.37
P1184 0.00155 2261.559 3160.277 2270.047 3097.689 2206.905 3089.125 2198.417 3151.713
