P0822 0.00368 815.638 594.596 819.771 536.262 662.274 525.105 658.141 583.439
P2271 0.00462 1319.829 632.383 1332.753 231.43 667.885 210.001 654.961 610.953
P2271 0.00124 746.846 2355.354 1337.878 1765.597 1159.704 1587.037 568.671 2176.794
P2271 0.00112 5288.458 1479.009 5278.739 700.908 4540.606 710.128 4550.325 1488.229
P2718 0.01112 2931.528 930.219 2931.392 886.144 2891.012 886.268 2891.147 930.343
P2718 0.01095 2938.414 2127.601 2944.7 2078.486 2898.054 2072.516 2891.768 2121.631
P2718 0.00832 503.399 789.144 505.238 723.869 465.14 722.739 463.3 788.014
P2718 0.00739 3392.65 2281.956 3428.596 2230.497 3390.72 2204.039 3354.774 2255.497
P2718 0.00623 998.359 491.405 1034.131 438.976 996.333 413.186 960.561 465.616
P2718 0.00596 1046.052 493.448 1069.536 434.542 1022.926 415.961 999.442 474.866
P2718 0.00542 1228.161 1030.742 1258.446 959.127 1205.752 936.843 1175.467 1008.458
P2718 0.00528 1791.07 666.276 1800.635 615.968 1762.826 608.779 1753.261 659.088
P2718 0.00455 2985.814 2141.063 2988.332 2084.148 2956.091 2082.722 2953.573 2139.637
P2718 0.00451 3347.343 2361.765 3387.565 2315.251 3354.733 2286.86 3314.51 2333.374
P2714 0.12316 103.425 1135.163 159.582 1095.541 110.864 1026.493 54.707 1066.115
P2714 0.09965 822.94 1927.781 871.292 1916.499 848.955 1820.771 800.603 1832.054
P2714 0.01171 1846.829 452.879 1886.619 432.794 1855.736 371.613 1815.947 391.698
P2714 0.00838 2368.385 1105.674 2369.035 1069.104 2334.824 1068.496 2334.175 1105.066
P2714 0.00782 982.744 248.664 1041.428 174.83 997.426 139.856 938.742 213.69
P2714 0.00762 492.366 323.422 495.389 239.016 453.193 237.505 450.17 321.911
P2714 0.00585 3762.507 2155.865 3781.855 2092.935 3750.753 2083.373 3731.405 2146.303
P2714 0.00515 1498.691 158.625 1514.688 92.097 1466.153 80.427 1450.156 146.955
P2714 0.00512 4390.002 900.692 4412.439 841.542 4374.232 827.049 4351.795 886.199
P2721 0.06767 3719.767 1907.035 3757.578 1851.0 3714.761 1822.108 3676.95 1878.142
P2721 0.02275 3765.484 1861.675 3807.65 1803.036 3761.019 1769.505 3718.854 1828.144
P2721 0.02179 391.511 1009.297 390.373 949.395 348.544 950.189 349.683 1010.091
P2721 0.01906 2301.98 666.04 2307.384 607.089 2261.964 602.926 2256.561 661.877
P2721 0.01043 1064.895 1926.371 1062.181 1859.289 1014.388 1861.223 1017.103 1928.305
P2721 0.009 4320.798 2149.343 4368.3 2120.956 4333.447 2062.634 4285.945 2091.02
P2721 0.00504 3833.35 2256.816 3856.607 2219.398 3821.019 2197.277 3797.761 2234.696
P2721 0.00476 3809.706 1933.965 3853.815 1866.796 3805.996 1835.393 3761.887 1902.562
P2721 0.00426 1123.142 1899.03 1124.455 1842.143 1077.366 1841.056 1076.053 1897.943
P2721 0.00393 3789.177 1951.564 3827.193 1893.097 3773.759 1858.353 3735.742 1916.819
P2724 0.03992 2474.122 917.643 2519.82 900.519 2484.671 806.717 2438.973 823.841
P2724 0.01941 2548.896 1129.062 2578.563 1057.366 2508.804 1028.5 2479.136 1100.195
P2724 0.01899 2842.706 741.838 2857.485 680.096 2793.866 664.868 2779.088 726.61
P2724 0.01464 2359.632 2451.238 2404.623 2425.136 2356.605 2342.368 2311.614 2368.469
P2724 0.01066 2073.429 2207.551 2127.085 2175.056 2083.378 2102.887 2029.723 2135.382
P2724 0.00919 2741.615 1131.544 2793.367 1110.566 2763.265 1036.307 2711.513 1057.286
P2724 0.00895 2757.585 828.394 2803.327 808.478 2762.512 714.735 2716.77 734.651
P2724 0.00609 2455.387 873.091 2500.257 855.972 2470.42 777.769 2425.55 794.889
P2724 0.0053 2525.195 1111.201 2571.659 1061.213 2514.594 1008.169 2468.129 1058.157
P2724 0.00482 2547.86 1131.196 2601.684 1107.61 2565.026 1023.958 2511.203 1047.543
P2724 0.00421 2499.014 958.289 2545.191 939.697 2511.912 857.045 2465.735 875.637
P2724 0.00419 4370.324 832.492 4370.049 782.692 4318.576 782.975 4318.85 832.775
P2724 0.00403 4403.816 835.528 4403.83 785.218 4358.542 785.206 4358.528 835.516
P2724 0.00341 2863.35 1514.85 2896.56 1484.722 2866.076 1451.12 2832.866 1481.249
P2724 0.00255 2551.176 1279.734 2554.915 1223.67 2507.068 1220.479 2503.328 1276.543
P2724 0.00241 2773.66 1131.06 2830.177 1091.766 2795.065 1041.264 2738.549 1080.558
P2168 0.57652 890.958 879.633 895.598 528.985 751.612 527.079 746.972 877.728
P2168 0.03707 1029.824 885.617 1029.607 812.508 991.279 812.621 991.495 885.73
P2168 0.01696 985.031 883.698 984.38 810.755 936.958 811.178 937.609 884.121
P2168 0.00635 1869.696 964.744 1870.477 872.73 1811.374 872.228 1810.593 964.243
P2168 0.00394 655.23 752.078 658.788 506.251 255.596 500.414 252.037 746.242
P2168 0.00227 1948.278 967.049 1949.564 819.591 1882.911 819.01 1881.625 966.468
P2168 0.00189 1007.051 989.174 1009.361 935.032 926.501 931.497 924.192 985.639
P2168 0.00156 1015.718 1024.625 1016.489 988.13 932.836 986.363 932.065 1022.857
P2168 0.00116 1806.989 976.135 1806.549 886.584 1747.908 886.872 1748.348 976.423
P2168 0.00112 1947.938 900.624 1948.851 765.31 1884.271 764.874 1883.358 900.188
P2331 0.01589 661.071 1189.008 660.101 1138.587 627.739 1139.209 628.709 1189.63
P2331 0.01106 664.363 1242.246 664.664 1192.98 631.395 1192.776 631.094 1242.043
P2331 0.00646 680.95 1183.944 681.919 1142.342 652.756 1141.663 651.787 1183.265
P2331 0.00486 1834.895 1723.922 1840.041 1634.545 1746.587 1629.164 1741.441 1718.542
P2331 0.00212 731.298 1187.303 733.736 1152.892 712.671 1151.4 710.233 1185.81
P2331 0.00185 1129.364 1212.277 1135.563 1138.164 1070.4 1132.714 1064.201 1206.827
P2331 0.00179 721.684 1245.04 723.901 1203.332 700.609 1202.093 698.392 1243.802
P2331 0.00177 3272.797 719.16 3265.305 454.863 3163.537 457.747 3171.029 722.045
P2331 0.00139 1205.037 1164.314 1239.395 1136.617 1196.339 1083.208 1161.982 1110.906
P2331 0.00137 680.581 1248.333 680.757 1198.191 655.661 1198.102 655.484 1248.245
P2331 0.00109 771.005 1218.443 774.721 1188.153 750.273 1185.154 746.557 1215.444
P2722 0.01712 1957.302 1441.004 1987.673 1393.151 1938.71 1362.075 1908.34 1409.928
P2722 0.0058 1037.527 635.917 1035.423 565.873 1003.85 566.821 1005.955 636.865
P2722 0.0041 1522.409 1141.925 1553.737 1120.865 1517.531 1067.008 1486.203 1088.069
P2722 0.00407 2680.65 1831.076 2699.445 1786.87 2665.155 1772.291 2646.36 1816.497
P2722 0.00373 2695.683 1784.209 2725.335 1719.44 2691.078 1703.757 2661.427 1768.526
P2722 0.00335 2688.892 1756.873 2718.836 1699.398 2682.016 1680.215 2652.073 1737.691
P2722 0.00292 269.793 1273.373 272.497 1210.764 220.337 1208.511 217.633 1271.12
P2722 0.00267 1645.377 867.323 1672.581 832.441 1638.206 805.633 1611.003 840.515
P2722 0.00248 2484.083 277.443 2510.826 233.906 2465.594 206.121 2438.85 249.658
P2722 0.00234 2450.187 1312.298 2467.052 1266.56 2426.033 1251.435 2409.167 1297.173
P2722 0.00201 1575.349 1119.275 1599.997 1100.412 1562.668 1051.634 1538.019 1070.497
P2722 0.00197 1011.852 641.221 1009.912 574.547 970.546 575.693 972.487 642.367
P2563 0.94614 1376.534 477.064 1793.211 380.844 1720.119 64.323 1303.442 160.542
P2563 0.8023 273.565 857.48 934.64 702.14 848.564 335.831 187.49 491.171
P2781 0.94938 2969.22 1395.19 3427.321 1124.809 2974.185 357.07 2516.084 627.451
P0228 0.00132 -5.96 792.92 210.438 780.628 185.473 341.109 -30.925 353.4
P0491 0.09675 234.853 74.685 232.681 -20.902 13.386 -15.921 15.558 79.666
P0491 0.04215 -11.307 639.854 253.589 409.879 23.489 144.838 -241.408 374.814
P0491 0.02072 189.034 118.713 188.311 12.8 4.953 14.051 5.676 119.964
P0491 0.01939 95.179 75.271 97.562 -10.895 -0.1 -13.595 -2.483 72.571
P0491 0.00884 82.112 126.424 78.964 -20.042 -10.013 -18.13 -6.865 128.337
P0491 0.00773 430.554 47.735 429.784 -15.057 275.247 -13.162 276.017 49.63
P0491 0.00591 1570.668 214.116 1578.081 46.042 1136.159 26.552 1128.746 194.625
P0491 0.00579 392.149 64.187 393.62 -8.232 188.17 -12.407 186.698 60.012
P0491 0.00408 152.45 813.912 135.362 200.403 -41.648 205.333 -24.559 818.843
P0491 0.00309 245.662 213.615 328.159 125.584 212.591 17.28 130.093 105.31
P2547 0.94727 936.927 1913.917 938.646 1819.068 821.981 1816.953 820.262 1911.802
P2547 0.31745 816.309 2040.859 952.603 2018.07 938.445 1933.39 802.15 1956.179
P2547 0.11134 958.915 2040.052 968.255 1947.915 931.739 1944.213 922.4 2036.35
P2547 0.03813 965.594 1903.382 967.374 1831.862 943.444 1831.267 941.663 1902.786
P2547 0.01106 971.034 1998.444 972.176 1926.792 941.125 1926.297 939.984 1997.949
P2547 0.00297 1013.773 1914.556 1017.836 1869.547 986.274 1866.697 982.21 1911.706
P2547 0.00195 978.803 2025.432 994.59 1971.514 961.574 1961.847 945.787 2015.765
P2547 0.00152 733.53 1285.448 756.622 1259.698 698.143 1207.255 675.05 1233.005
P2547 0.00148 2715.476 2367.764 2726.92 2278.271 2661.812 2269.944 2650.367 2359.438
P2547 0.00124 988.625 1922.99 992.13 1852.348 962.705 1850.888 959.2 1921.53
P1903 0.93662 1365.221 501.976 1378.548 319.047 1089.205 297.967 1075.878 480.896
P1903 0.92678 859.723 497.856 871.204 280.652 453.546 258.576 442.065 475.779
P1903 0.18899 1097.172 1186.807 1131.508 804.399 941.054 787.298 906.718 1169.706
P1903 0.00343 115.321 1300.57 118.866 790.352 -41.468 789.238 -45.014 1299.456
P1903 0.00121 624.064 476.548 639.554 265.018 437.1 250.193 421.61 461.723
P2745 0.00388 403.873 1287.405 353.222 1158.888 293.853 1182.286 344.504 1310.803
P2745 0.00204 1150.408 233.838 1172.945 187.049 1103.709 153.701 1081.173 200.49
P2166 0.80231 505.722 743.051 521.4 329.286 21.176 310.332 5.498 724.098
P2166 0.48588 802.463 668.905 933.796 550.816 688.633 278.156 557.3 396.245
P2166 0.01658 928.633 836.0 1123.201 662.268 678.001 163.674 483.433 337.407
P2166 0.01261 300.491 298.121 303.417 184.273 211.448 181.909 208.521 295.757
P2166 0.00428 420.446 297.29 422.167 186.949 363.888 186.04 362.167 296.381
P0146 0.23146 2307.886 847.483 2374.781 609.047 1944.578 488.35 1877.683 726.787
P0146 0.00684 1861.9 843.662 1955.528 503.775 1720.776 439.108 1627.148 778.995
P2502 0.39437 707.17 1897.078 715.148 1830.145 586.623 1814.825 578.644 1881.757
P2502 0.27129 605.136 584.854 702.001 558.373 648.083 361.141 551.218 387.621
P2502 0.01293 297.487 579.643 391.526 419.877 312.348 373.272 218.309 533.038
P2502 0.01107 580.022 1844.45 593.157 1757.726 411.014 1730.137 397.878 1816.862
P2502 0.00537 533.403 169.075 585.944 85.579 421.14 -18.127 368.599 65.369
P2502 0.00249 711.674 1875.312 719.066 1820.13 625.875 1807.645 618.482 1862.827
P2502 0.00166 685.996 1941.055 687.759 1911.116 654.583 1909.163 652.821 1939.102
P2502 0.00122 1107.892 1812.345 1111.361 1762.937 1083.867 1761.007 1080.398 1810.415
P2502 0.00106 1008.671 2013.481 1012.884 1968.252 974.182 1964.647 969.97 2009.876
P2502 0.00101 66.863 418.189 146.099 298.162 78.519 253.549 -0.717 373.576
P2592 0.97421 926.867 856.385 1202.138 700.775 967.364 285.465 692.093 441.075
P2592 0.96348 1602.698 925.74 2037.034 722.702 1917.909 467.871 1483.572 670.91
P2592 0.1928 1321.483 757.281 1555.018 607.694 1422.141 400.247 1188.606 549.834
P0815 0.07413 59.024 277.821 57.39 16.065 -10.653 16.489 -9.019 278.246
P2587 0.02858 1834.125 1365.411 2428.996 696.748 2012.453 326.173 1417.582 994.837
P2587 0.00306 1112.346 1605.219 1283.387 1071.631 412.826 792.573 241.784 1326.161
P2587 0.00162 1869.805 1346.906 2206.28 941.969 1790.162 596.203 1453.687 1001.14
P2587 0.00142 2143.5 1012.773 2305.661 817.021 1895.116 476.925 1732.955 672.677
P2587 0.00135 1114.511 776.878 1153.295 636.701 1076.439 615.436 1037.655 755.614
P2587 0.00117 1851.776 1335.249 2048.282 1118.251 1658.295 765.092 1461.789 982.091
P1456 0.95875 2948.505 1814.796 3169.548 1157.349 2667.581 988.581 2446.537 1646.028
P1456 0.78528 1005.471 1548.788 1016.032 771.721 469.0 764.286 458.439 1541.354
P0143 0.52211 372.882 413.511 428.36 411.708 424.632 297.059 369.154 298.863
P2404 0.00179 2465.062 3095.22 2487.857 2989.328 2327.923 2954.901 2305.129 3060.793
P2197 0.97788 906.549 624.946 920.711 246.744 723.147 239.345 708.985 617.547
P2197 0.96153 1627.953 1454.258 1645.316 1089.042 1455.872 1080.036 1438.509 1445.251
P2197 0.95887 841.159 1248.932 857.778 878.075 668.567 869.595 651.948 1240.453
P2197 0.92973 2103.174 1167.284 2113.134 993.66 1822.363 976.98 1812.403 1150.604
P2197 0.00165 1663.472 1597.626 1686.339 938.423 1415.144 929.016 1392.278 1588.219
P0027 0.0011 918.629 1625.464 951.098 1524.486 878.489 1501.139 846.02 1602.116
P1950 0.01391 224.212 558.929 228.235 498.824 15.878 484.61 11.855 544.715
P1950 0.00185 111.447 557.125 112.874 461.269 -7.428 459.478 -8.855 555.334
P1950 0.00101 291.324 597.461 300.481 455.873 -29.126 434.558 -38.282 576.146
P1230 0.1391 4165.547 2534.044 4302.891 2489.982 4276.536 2407.832 4139.192 2451.895
P1230 0.06666 468.025 1551.432 550.133 1510.457 530.114 1470.342 448.006 1511.316
P1230 0.03862 4353.434 3221.82 4351.54 3140.103 4301.565 3141.26 4303.459 3222.978
P1230 0.01228 3740.749 1891.959 3869.669 1806.945 3819.571 1730.974 3690.651 1815.988
P1230 0.00873 227.844 442.852 271.584 415.806 199.779 299.676 156.038 326.722
P1230 0.00423 613.167 3188.004 653.489 3164.181 620.581 3108.481 580.259 3132.303
P1230 0.00207 284.685 408.127 336.596 376.021 266.072 261.995 214.162 294.102
P1506 0.01841 1650.047 1686.772 2508.136 1225.615 2159.574 577.037 1301.486 1038.195
P1506 0.00577 2174.807 1324.433 2476.498 1150.572 2146.968 578.757 1845.277 752.618
P1506 0.00462 2162.381 904.284 2261.429 856.312 2159.739 646.349 2060.69 694.321
P1506 0.00144 774.315 576.606 854.167 563.199 829.841 418.305 749.988 431.711
P1506 0.0012 447.711 937.254 728.929 827.044 560.218 396.55 279.0 506.76
P1506 0.0011 1133.456 2069.109 1194.774 1338.964 351.303 1268.129 289.985 1998.274
P2181 0.01039 292.548 805.006 383.248 719.068 253.236 581.852 162.536 667.791
P2570 0.96964 1049.078 788.693 1283.516 770.978 1257.9 431.971 1023.461 449.687
P2570 0.96315 1379.181 960.842 1703.652 933.925 1661.911 430.755 1337.44 457.672
P2570 0.94819 535.929 802.378 1003.466 750.825 969.958 446.949 502.422 498.502
P2570 0.94761 1198.553 1077.818 1309.361 1068.766 1295.102 894.218 1184.294 903.271
P2570 0.94475 136.081 762.952 422.598 727.641 362.651 241.222 76.135 276.532
P2570 0.93878 673.968 1153.531 1125.435 1121.602 1104.219 821.611 652.752 853.54
P2570 0.93326 544.119 419.637 1009.067 374.516 979.823 73.177 514.875 118.298
P2570 0.00466 1788.307 1480.508 1787.789 1420.259 1631.491 1421.603 1632.009 1481.852
P2570 0.00373 1709.005 1478.384 1715.203 1419.2 1566.203 1403.596 1560.005 1462.78
P2570 0.00159 12.079 620.81 78.39 513.432 -12.079 457.563 -78.39 564.942
P2570 0.00156 49.246 637.596 51.296 451.736 -49.246 450.627 -51.296 636.487
P2570 0.00139 1689.845 1478.765 1692.33 1440.927 1582.508 1433.716 1580.023 1471.553
P2570 0.00111 1760.664 962.294 1959.763 919.29 1837.336 352.471 1638.237 395.475
P2570 0.00104 1629.824 1494.824 1661.641 1423.431 1586.115 1389.772 1554.298 1461.165
P1463 0.96493 1506.539 1997.216 1814.533 1301.983 1338.354 1091.032 1030.359 1786.265
P1463 0.89284 2549.518 2418.769 2850.079 1818.474 2450.538 1618.428 2149.977 2218.723
P1463 0.0022 792.808 1490.735 852.034 1358.585 774.142 1323.675 714.915 1455.826
P0131 0.76586 914.869 371.227 915.002 270.913 851.054 270.829 850.921 371.143
P0131 0.56218 371.456 879.309 647.006 837.586 597.49 510.564 321.94 552.287
P0131 0.42687 983.652 373.071 982.781 271.802 918.707 272.353 919.579 373.623
P0131 0.04616 1048.323 366.835 1104.979 362.983 1098.57 268.71 1041.914 272.561
P1440 0.93979 1444.808 1083.912 1747.318 517.308 1436.244 351.225 1133.733 917.829
P1440 0.00131 403.194 1325.307 499.987 1275.053 405.73 1093.511 308.938 1143.766
P1440 0.00101 302.116 1380.562 399.318 1327.374 296.354 1139.208 199.152 1192.397
P0770 0.9387 1240.838 1185.559 1325.771 994.849 956.216 830.267 871.283 1020.977
P0770 0.02686 1440.277 919.294 1497.615 799.092 1298.224 703.982 1240.887 824.184
P0770 0.00316 1135.667 1129.196 1182.12 1026.415 932.062 913.399 885.609 1016.18
P0770 0.00102 230.012 1373.628 242.712 1319.518 107.156 1287.703 94.456 1341.812
P0117 0.85415 1078.836 776.861 1216.558 648.994 1096.563 519.752 958.841 647.619
P2167 0.00128 1136.245 1149.892 1254.75 847.589 980.593 740.117 862.088 1042.42
P2598 0.97243 1991.771 1479.352 2029.864 562.44 1413.665 536.84 1375.573 1453.752
P2598 0.97074 1238.51 837.912 1259.927 372.272 613.768 342.551 592.35 808.191
P2378 0.0042 574.067 937.44 592.569 842.757 436.85 812.329 418.349 907.011
P1268 0.00279 3410.775 3161.896 3444.427 3069.664 3390.712 3050.065 3357.06 3142.297
P2413 0.00671 1246.213 907.719 1248.069 563.494 1041.517 562.38 1039.66 906.604
P2374 0.00548 1712.556 798.159 1717.893 732.48 1599.049 722.822 1593.711 788.5
P2374 0.00101 1530.892 816.64 1548.292 793.067 1500.32 757.658 1482.921 781.231
P2733 0.00123 483.375 915.611 576.793 867.753 547.703 810.97 454.285 858.828
P1577 0.00319 1643.083 1229.559 1754.884 1201.132 1688.66 940.682 1576.86 969.109
P1581 0.0033 921.957 3933.796 930.986 3875.832 875.211 3867.144 866.182 3925.108
P1742 0.05161 1519.621 681.566 1572.602 651.039 1542.03 597.98 1489.049 628.508
P1742 0.0157 1585.603 788.777 1615.18 709.98 1541.006 682.138 1511.429 760.934
P1742 0.0096 1538.504 717.731 1577.599 670.043 1536.155 636.068 1497.061 683.756
P1742 0.00414 1562.915 768.26 1613.251 703.253 1559.604 661.713 1509.268 726.72
P1742 0.00211 2545.61 2757.147 2644.816 2713.45 2584.662 2576.878 2485.456 2620.575
P1742 0.0017 1538.73 664.883 1595.833 640.148 1570.478 581.614 1513.376 606.348
P1742 0.00121 1647.842 912.8 1658.748 799.641 1551.092 789.266 1540.187 902.425
P1732 0.01658 3913.299 1272.995 3872.649 1087.938 3798.656 1104.191 3839.306 1289.248
P1732 0.01118 1579.657 3473.923 1611.952 3402.314 1563.846 3380.619 1531.551 3452.227
P1732 0.00792 1580.205 232.539 1631.255 147.8 1575.417 114.161 1524.367 198.899
P1732 0.00588 1668.303 285.145 1697.874 256.505 1642.547 199.377 1612.975 228.017
P1732 0.00367 1654.613 299.556 1678.682 273.453 1625.595 224.503 1601.526 250.607
P1732 0.00286 2177.709 2705.167 2215.656 2636.133 2170.264 2611.182 2132.317 2680.215
P1732 0.00269 3520.418 1175.695 3600.283 1135.492 3538.644 1013.043 3458.779 1053.246
P1732 0.00212 3238.143 2561.397 3268.051 2505.85 3214.982 2477.276 3185.074 2532.823
P1732 0.00165 3519.56 1175.842 3681.949 1101.963 3641.109 1012.194 3478.719 1086.073
P1732 0.00146 3158.504 2394.553 3176.629 2345.863 3129.474 2328.31 3111.349 2377.0
P1732 0.0014 3672.751 647.978 3707.064 620.083 3660.909 563.31 3626.596 591.205
P1732 0.00136 3480.566 3879.415 3523.627 3808.321 3398.146 3732.318 3355.085 3803.411
P2351 0.84665 657.707 543.472 667.653 456.499 621.546 451.226 611.6 538.2
P2351 0.19488 843.108 812.943 936.678 740.578 828.965 601.302 735.395 673.667
P2351 0.00468 994.736 659.776 1016.284 648.234 1005.915 628.875 984.367 640.417
P1384 0.64162 1594.605 415.969 1607.956 254.27 1501.378 245.471 1488.027 407.17
P1384 0.15981 2147.563 800.568 2181.705 622.515 2087.581 604.466 2053.439 782.52
P1384 0.08291 2132.748 1000.7 2158.333 827.163 2044.123 810.325 2018.538 983.862
P1384 0.05502 1304.714 3134.224 1357.494 2609.51 1133.669 2586.997 1080.89 3111.711
P1384 0.02046 3873.195 1291.533 3909.362 1004.818 3719.854 980.913 3683.687 1267.628
P1384 0.01874 1951.46 900.247 1976.619 751.208 1858.183 731.215 1833.024 880.254
P1384 0.01658 1527.041 692.966 1543.627 480.666 1441.51 472.688 1424.924 684.988
P1384 0.00463 2149.683 874.087 2186.387 645.972 2083.679 629.446 2046.974 857.561
P1384 0.00463 3013.875 5582.821 3019.932 5495.944 2957.458 5491.588 2951.401 5578.465
P1384 0.00457 2996.777 5595.719 3005.605 5514.322 2927.062 5505.804 2918.234 5587.2
P1384 0.00428 2992.987 5575.781 3006.405 5451.864 2900.814 5440.43 2887.396 5564.347
P1384 0.00421 5198.33 1096.494 5233.384 821.613 4913.405 780.808 4878.35 1055.688
P1384 0.00351 4297.987 891.12 4317.189 760.375 4198.576 742.954 4179.374 873.699
P1384 0.00333 2957.04 5614.62 2969.224 5500.539 2818.302 5484.42 2806.118 5598.501
P1384 0.00262 4728.358 962.951 4729.771 795.935 4591.049 794.761 4589.636 961.777
P1179 0.03315 3159.364 2754.127 3594.596 2506.818 3393.453 2152.832 2958.221 2400.141
P1179 0.00693 4706.38 2243.315 4944.402 2104.789 4770.951 1806.756 4532.929 1945.282
P1179 0.00227 4453.785 2372.658 4677.671 2173.751 4455.98 1924.219 4232.093 2123.126
P2541 0.13552 2140.004 1495.557 2150.291 1395.641 2079.402 1388.343 2069.116 1488.259
P2541 0.07235 1658.0 1511.357 1657.434 1450.567 1624.003 1450.878 1624.569 1511.668
P2541 0.06211 2150.385 1382.943 2155.129 1316.077 2068.487 1309.932 2063.743 1376.797
P2541 0.04469 2310.914 1088.003 2309.912 1002.194 2255.186 1002.833 2256.188 1088.643
P2541 0.00885 1642.853 1514.201 1643.855 1447.875 1580.266 1446.915 1579.264 1513.241
P2541 0.005 1603.128 1518.917 1619.27 1458.426 1547.967 1439.398 1531.824 1499.89
P2541 0.00266 1789.817 2553.562 1790.545 2511.913 1770.339 2511.56 1769.611 2553.209
P2541 0.00124 1510.609 1583.909 1509.419 1555.569 1469.913 1557.227 1471.102 1585.567
P2541 0.00109 1672.722 1491.292 1671.123 1443.286 1654.142 1443.852 1655.741 1491.857
P2337 0.0046 31.104 411.948 33.296 371.164 3.407 369.558 1.215 410.342
P2337 0.00156 1936.099 408.925 1938.688 309.356 1870.896 307.592 1868.307 407.162
P1666 0.02894 3583.427 153.035 3594.145 110.306 3513.121 89.984 3502.404 132.712
P1666 0.01232 2627.78 426.001 2642.108 357.392 2600.984 348.804 2586.656 417.413
P1666 0.00295 3595.406 121.268 3605.486 80.715 3522.657 60.128 3512.577 100.681
P1666 0.00206 3575.182 163.515 3585.189 124.84 3510.057 105.4 3500.05 144.075
P1666 0.00165 896.051 565.531 946.76 546.193 918.464 471.997 867.755 491.335
P1693 0.00687 1522.678 2712.791 1466.232 2501.104 1358.798 2529.751 1415.245 2741.438
P1693 0.00136 3646.307 4003.69 3664.021 3932.307 3594.032 3914.938 3576.318 3986.322
P1518 0.00957 3426.623 1712.095 3461.386 1697.364 3441.213 1649.758 3406.449 1664.489
P1518 0.00922 232.688 2901.922 241.141 2818.905 196.447 2814.354 187.994 2897.372
P1518 0.00213 3439.819 1698.898 3476.391 1683.888 3455.365 1632.658 3418.794 1647.667
P1518 0.00121 3460.138 1702.492 3494.733 1680.153 3468.951 1640.227 3434.356 1662.566
P1542 0.00407 2223.229 2308.2 2324.003 2272.428 2300.457 2206.096 2199.683 2241.868
P1542 0.00171 1464.34 765.953 1499.417 755.058 1471.937 666.587 1436.86 677.482
P1542 0.00123 3086.261 1017.597 3098.629 923.412 3029.105 914.282 3016.737 1008.467
P1586 0.0892 2874.027 2800.776 2882.911 2731.896 2811.427 2722.676 2802.543 2791.557
P1586 0.03663 1532.682 1360.856 1536.715 1301.757 1488.27 1298.451 1484.236 1357.549
P1586 0.02323 3352.957 2663.408 3395.121 2628.187 3338.804 2560.77 3296.641 2595.991
P1586 0.02131 3668.171 1489.531 3682.427 1452.687 3641.654 1436.909 3627.397 1473.754
P1586 0.01832 3633.08 1455.331 3655.026 1399.805 3623.034 1387.16 3601.088 1442.687
P1586 0.00333 1025.024 2011.833 1071.1 1934.021 1018.143 1902.664 972.068 1980.475
P1586 0.00228 3475.317 3998.043 3485.213 3944.621 3415.262 3931.663 3405.366 3985.085
P1586 0.00222 1078.51 959.735 1084.176 895.713 1017.741 889.833 1012.074 953.855
P1586 0.00197 3628.777 1795.988 3646.173 1756.393 3610.031 1740.514 3592.635 1780.109
P1601 0.14615 2218.913 4004.759 2267.05 3885.724 2217.857 3865.831 2169.72 3984.865
P1604 0.00175 2234.409 2007.416 2176.815 1783.025 2068.883 1810.728 2126.476 2035.118
P1751 0.01278 275.436 2469.996 254.88 2298.607 169.017 2308.905 189.572 2480.294
P1751 0.00145 2890.106 4002.468 2897.569 3956.371 2849.695 3948.621 2842.232 3994.718
P1751 0.00114 153.582 4000.638 158.173 3959.392 110.665 3954.103 106.073 3995.349
P1610 0.00146 3998.167 4000.341 3995.644 3944.873 3962.376 3946.386 3964.899 4001.854
P1610 0.00103 3945.177 3996.617 3947.758 3960.039 3909.365 3957.33 3906.784 3993.908
P1547 0.00165 2233.56 3957.959 2253.028 3913.824 2211.998 3895.725 2192.529 3939.86
P1547 0.00103 2229.473 3998.011 2248.816 3962.598 2213.188 3943.137 2193.845 3978.551
P1752 0.62164 1352.081 3815.879 1473.328 3786.003 1433.925 3626.087 1312.677 3655.962
P1752 0.01838 668.274 2518.265 669.756 2372.712 583.569 2371.834 582.087 2517.387
P1752 0.01366 3707.865 1788.711 3797.707 1655.843 3742.038 1618.201 3652.196 1751.069
P1752 0.01143 3569.332 1672.919 3591.911 1638.054 3541.074 1605.132 3518.495 1639.997
P1752 0.00826 3672.442 1662.094 3712.841 1599.078 3675.452 1575.11 3635.054 1638.126
P1752 0.00502 3551.894 1655.908 3567.957 1624.311 3519.365 1599.609 3503.302 1631.206
P1752 0.00317 3597.6 1614.662 3610.66 1554.704 3549.675 1541.42 3536.615 1601.378
P1738 0.01875 3999.473 3993.909 3999.997 3928.877 3924.532 3928.269 3924.008 3993.301
P1370 0.0025 1603.79 3724.621 1646.221 3711.169 1611.712 3602.322 1569.281 3615.774
P1370 0.00226 1665.587 3727.542 1713.915 3708.488 1667.408 3590.536 1619.081 3609.591
P1370 0.00225 3922.75 3706.641 3963.954 3671.691 3941.922 3645.719 3900.719 3680.668
P1370 0.00162 1590.376 3712.191 1622.021 3701.991 1588.506 3598.017 1556.862 3608.217
P1370 0.00111 1412.103 41.188 1436.68 12.495 1397.476 -21.086 1372.899 7.607
P1257 0.01336 1987.67 2847.49 2047.977 2823.283 2036.241 2794.045 1975.934 2818.252
P1257 0.00748 3888.275 402.603 3922.632 334.089 3895.689 320.579 3861.333 389.093
P1257 0.00435 457.47 2211.309 440.257 2017.917 320.786 2028.551 337.999 2221.943
P1257 0.00332 1596.204 825.436 1656.35 744.444 1632.077 726.418 1571.93 807.41
P1257 0.00323 1204.498 2753.841 1282.764 2687.85 1174.656 2559.631 1096.39 2625.621
P1257 0.00225 2044.483 2821.027 2031.716 2784.089 1979.054 2802.291 1991.82 2839.229
P1257 0.00203 1277.262 2816.414 1337.424 2763.929 1311.452 2734.158 1251.29 2786.643
P1315 0.03434 2242.332 1473.395 2216.608 1284.032 2105.524 1299.123 2131.248 1488.485
P1246 0.00402 1624.192 1507.379 1675.589 1444.5 1640.312 1415.665 1588.915 1478.543
P1332 0.00378 3614.105 1312.298 3671.273 1275.938 3652.39 1246.25 3595.223 1282.609
P1332 0.00111 3152.962 772.272 3164.465 741.844 3137.607 731.691 3126.105 762.119
P1210 0.00105 1007.806 138.628 1134.152 77.562 1076.443 -41.841 950.097 19.225
P2068 0.01455 58.18 818.552 60.992 497.25 -8.537 496.641 -11.349 817.943
P1240 0.00755 1443.73 1698.849 1446.461 1661.593 1361.45 1655.361 1358.719 1692.617
P1240 0.00195 2999.612 2454.13 3015.231 2389.934 2963.701 2377.396 2948.082 2441.593
P1240 0.0018 2458.374 1865.348 2561.157 1813.771 2473.184 1638.459 2370.401 1690.036
P1342 0.01489 2761.741 592.168 2764.151 548.238 2692.31 544.296 2689.899 588.226
P1342 0.00684 131.052 464.312 182.669 442.495 153.619 373.767 102.003 395.585
P1342 0.00463 138.902 455.113 196.737 431.161 167.603 360.817 109.769 384.769
P1342 0.00356 2635.765 465.209 2762.513 444.859 2753.256 387.205 2626.508 407.554
P1371 0.0013 405.843 2807.313 447.548 2792.719 415.352 2700.713 373.647 2715.308
P1373 0.10195 3658.957 2825.296 3710.648 2808.133 3682.941 2724.682 3631.249 2741.845
P1373 0.05013 3412.491 2645.711 3486.629 2589.721 3450.57 2541.974 3376.431 2597.964
P1373 0.00953 3419.508 2659.16 3492.977 2605.833 3461.801 2562.883 3388.332 2616.21
P1373 0.00673 1774.077 1323.963 1815.81 1307.101 1780.652 1220.086 1738.919 1236.948
P1373 0.00454 1832.629 1306.459 1874.163 1290.111 1839.751 1202.686 1798.217 1219.035
P1373 0.00335 2122.31 2706.787 2172.958 2662.806 2083.745 2560.07 2033.098 2604.051
P1373 0.00227 3679.022 2851.938 3709.888 2829.762 3674.401 2780.366 3643.534 2802.542
P1356 0.00419 3942.971 1849.638 4011.441 1819.46 4000.905 1795.556 3932.436 1825.734
P1356 0.00126 3981.484 1549.377 4005.385 1522.964 3977.591 1497.813 3953.689 1524.226
P0259 0.04698 1389.07 1309.436 1391.284 1274.11 1300.077 1268.394 1297.864 1303.72
P0259 0.01367 1742.852 1356.728 1748.065 1282.691 986.442 1229.065 981.229 1303.102
P0259 0.00221 1398.404 1270.84 1399.596 1250.405 1342.562 1247.077 1341.37 1267.512
P0259 0.00132 1744.723 1301.458 1753.481 1171.815 994.374 1120.532 985.616 1250.175
P0385 0.70999 834.462 964.389 933.997 636.211 601.137 535.256 501.602 863.434
P0385 0.01329 542.234 950.544 575.578 822.77 166.944 716.133 133.6 843.907
P0385 0.00307 364.556 993.49 494.971 880.48 262.942 612.713 132.526 725.722
P0385 0.00154 60.703 887.167 59.793 869.86 -1.305 873.072 -0.395 890.379
P0673 0.95555 927.313 414.293 1076.06 15.062 851.942 -68.441 703.194 330.79
P0673 0.00242 1102.935 573.281 1158.69 69.663 898.497 40.857 842.742 544.476
P2582 0.97471 1203.906 775.607 1352.962 399.718 1095.582 297.656 946.527 673.545
P2582 0.97405 897.889 1176.786 1073.449 767.536 785.576 644.044 610.016 1053.294
P2582 0.97226 1263.818 1307.977 1424.557 915.047 1168.143 810.153 1007.403 1203.084
P2582 0.97017 1481.852 890.904 1635.131 515.431 1377.606 410.301 1224.326 785.774
P2582 0.96855 419.445 996.88 600.63 548.626 317.965 434.373 136.78 882.627
P2599 0.00188 1114.826 435.09 1112.097 125.255 991.497 126.317 994.226 436.152
P1471 0.85912 797.444 2583.424 791.088 2172.573 581.903 2175.809 588.259 2586.66
P1471 0.79885 2461.683 1306.486 2464.176 899.458 2244.781 898.114 2242.288 1305.142
P1471 0.01206 4744.636 2843.462 4742.175 2545.605 4362.135 2548.745 4364.596 2846.601
P1471 0.00266 3902.722 4609.54 3900.989 4476.428 3764.036 4478.211 3765.769 4611.323
P1471 0.00236 4046.352 4624.393 4045.671 4478.105 3948.615 4478.558 3949.297 4624.845
P1471 0.0023 4225.319 4614.549 4223.885 4481.376 4098.256 4482.729 4099.69 4615.902
P1377 0.88375 871.082 448.841 884.803 82.769 606.841 72.351 593.12 438.423
P1377 0.14497 513.55 3866.426 548.37 3765.935 380.597 3707.803 345.777 3808.293
P1377 0.01316 1214.599 508.963 1230.413 100.568 954.624 89.888 938.809 498.283
P1377 0.00593 510.013 3966.633 519.319 3860.934 320.949 3843.468 311.642 3949.167
P1377 0.00356 553.833 235.593 556.925 72.081 458.205 70.215 455.114 233.726
P1380 0.58498 2582.541 3743.008 2783.709 3613.2 2569.557 3281.319 2368.389 3411.126
P1380 0.56039 3363.251 2690.361 3446.829 2636.534 3389.17 2547.006 3305.592 2600.832
P1380 0.44911 3061.398 2548.078 3415.311 2322.988 3286.696 2120.763 2932.782 2345.852
P1380 0.13185 3458.907 2618.497 3503.272 2592.589 3452.903 2506.338 3408.538 2532.246
P1380 0.01492 3357.359 2708.089 3424.0 2659.878 3355.802 2565.609 3289.162 2613.82
P1380 0.01088 4084.297 1790.657 4277.934 1660.004 4190.767 1530.816 3997.129 1661.469
P1380 0.00616 4019.717 960.541 4043.625 818.595 3934.651 800.241 3910.742 942.187
P1380 0.00337 3510.328 2734.276 3611.651 2669.251 3576.083 2613.827 3474.759 2678.852
P2754 0.95581 1663.381 988.968 1742.883 743.254 1389.021 628.76 1309.519 874.475
P2754 0.05919 1200.646 3793.317 1230.017 3600.976 766.993 3530.271 737.622 3722.611
P2754 0.00469 1493.733 1437.493 1532.198 1248.945 1306.634 1202.927 1268.169 1391.475
P0382 0.00187 1091.836 1169.763 1093.845 908.198 1019.89 907.63 1017.88 1169.195
P0382 0.00147 1093.201 1171.725 1094.364 855.132 983.516 854.725 982.353 1171.318
P2488 0.00116 1581.401 166.156 1612.539 142.417 1587.021 108.944 1555.882 132.683
P1376 0.00118 4559.864 2211.913 4640.35 2191.595 4593.181 2004.74 4512.695 2025.058
P1376 0.00103 3342.342 299.329 3543.541 246.518 3475.053 -14.402 3273.855 38.409
P0466 0.92835 1254.034 409.973 1444.276 80.125 969.284 -193.829 779.042 136.019
P0466 0.00571 922.328 218.349 932.915 11.024 538.4 -9.122 527.813 198.203
P1786 0.43014 2457.424 1887.487 2477.476 1702.888 2293.218 1682.874 2273.167 1867.473
P1786 0.15047 1305.005 1400.246 1513.789 1222.306 1234.748 894.895 1025.963 1072.834
P1786 0.01664 327.094 3393.535 891.098 3170.75 650.343 2561.251 86.338 2784.037
P1786 0.00177 2021.673 1531.21 2308.962 1361.963 2196.571 1171.183 1909.282 1340.43
P1786 0.001 876.124 2962.81 843.902 2874.943 802.389 2890.166 834.611 2978.033
P2394 0.01253 774.773 1724.537 777.564 1702.208 752.56 1699.082 749.768 1721.411
P2394 0.01083 796.957 1770.338 803.8 1732.833 743.131 1721.763 736.288 1759.268
P2394 0.00664 762.23 1720.53 764.937 1701.576 741.12 1698.174 738.413 1717.128
P2394 0.00598 1336.523 90.81 1344.479 59.0 1312.452 50.99 1304.496 82.801
P2394 0.00545 581.878 1135.399 585.472 1109.356 566.362 1106.718 562.768 1132.761
P2394 0.00343 784.077 1724.648 785.829 1706.207 773.537 1705.039 771.784 1723.48
P2394 0.00194 1331.941 104.373 1341.159 71.176 1308.812 62.194 1299.594 95.391
P2394 0.00168 473.124 1519.811 476.054 1497.719 449.146 1494.151 446.216 1516.243
P2394 0.0014 1209.52 500.909 1234.577 478.481 1221.515 463.888 1196.458 486.317
P2394 0.00137 578.806 1124.746 581.317 1101.031 563.034 1099.095 560.523 1122.811
P2394 0.00128 797.7 1932.719 797.204 1887.766 769.033 1888.076 769.529 1933.03
P2394 0.00125 1344.145 81.668 1350.911 52.651 1317.564 44.875 1310.798 73.892
P2394 0.00125 1170.813 61.83 1165.862 -12.337 1094.321 -7.561 1099.273 66.606
P2394 0.00123 851.204 1776.058 855.245 1739.158 831.281 1736.534 827.24 1773.434
P2394 0.00118 778.922 1694.332 782.102 1672.8 751.049 1668.215 747.87 1689.747
P2394 0.00112 781.002 1731.022 784.427 1708.002 752.566 1703.261 749.141 1726.281
P2394 0.00112 798.85 1730.316 800.769 1710.182 788.078 1708.972 786.158 1729.106
P2394 0.00102 1209.283 496.849 1235.007 465.093 1217.198 450.668 1191.475 482.424
P1410 0.80793 3587.258 5018.539 3603.447 4569.839 3283.672 4558.302 3267.483 5007.001
P1410 0.33696 4670.092 1800.859 4672.437 1407.732 4298.079 1405.499 4295.734 1798.626
P1410 0.13748 1197.404 863.098 1463.043 506.39 1170.352 288.424 904.712 645.132
P1410 0.08682 3120.675 5066.208 3118.009 4431.595 2579.87 4433.855 2582.536 5068.468
P1410 0.0146 4975.132 2363.026 5059.876 2030.444 4756.579 1953.161 4671.834 2285.744
P1410 0.01044 3126.468 5081.373 3127.811 4656.822 2705.157 4655.486 2703.814 5080.037
P1410 0.00496 4282.756 5093.659 4289.125 4817.519 3730.312 4804.631 3723.944 5080.771
P1410 0.00202 3197.818 4263.458 3200.196 3846.045 2924.459 3844.474 2922.082 4261.887
P1410 0.00121 4905.908 1861.922 4930.048 1498.123 4797.871 1489.352 4773.73 1853.151
P0499 0.59523 525.587 471.599 759.279 114.538 364.238 -144.012 130.546 213.05
P0499 0.08951 885.504 141.306 882.663 -4.246 572.609 1.806 575.45 147.358
P0499 0.04615 467.79 396.674 651.19 277.102 407.016 -97.413 223.615 22.16
P0499 0.00902 788.937 189.223 916.519 -18.914 638.677 -189.223 511.095 18.914
P1584 0.00591 877.967 948.304 926.312 889.652 873.758 846.333 825.413 904.985
P1584 0.00407 1293.625 2667.444 1376.981 2642.951 1325.396 2467.397 1242.04 2491.891
P1584 0.00269 2291.403 4074.534 2349.793 4047.36 2315.407 3973.474 2257.017 4000.648
P1584 0.00168 2578.615 4133.829 2667.315 4103.841 2607.888 3928.062 2519.188 3958.05
P1584 0.00152 100.093 3207.323 179.84 3178.596 149.002 3092.99 69.256 3121.717
P1584 0.00124 1792.721 3794.826 1900.618 3756.18 1879.377 3696.88 1771.481 3735.526
P1584 0.00109 539.73 1021.761 669.811 962.368 634.069 884.086 503.988 943.48
P1584 0.00102 798.377 953.636 843.6 914.457 808.035 873.405 762.812 912.584
P2462 0.13659 719.021 1671.619 790.9 1643.868 753.089 1545.931 681.21 1573.682
P2462 0.09433 524.571 1955.875 537.81 1920.949 456.269 1890.039 443.03 1924.964
P2462 0.0019 441.829 1923.848 452.301 1890.349 438.695 1886.095 428.223 1919.595
P2462 0.00133 1742.062 2223.892 1755.851 2169.391 1671.629 2148.082 1657.839 2202.583
P2539 0.57863 452.942 207.711 496.837 202.405 486.328 115.468 442.433 120.775
P2539 0.00104 566.242 275.092 565.899 239.756 535.099 240.055 535.442 275.392
P2542 0.03799 698.278 1172.616 783.883 1019.009 697.586 970.915 611.98 1124.523
P2542 0.02377 2073.953 2478.573 2094.924 2409.985 1951.002 2365.982 1930.031 2434.57
P2542 0.01397 794.162 1003.355 820.324 970.394 758.574 921.383 732.412 954.344
P2542 0.01333 390.809 2460.796 405.628 2451.918 384.017 2415.846 369.198 2424.724
P2542 0.00348 413.112 2451.533 430.352 2441.055 402.572 2395.346 385.332 2405.824
P2542 0.00279 914.411 149.593 948.373 138.712 935.023 97.044 901.061 107.926
P2542 0.00153 818.132 964.264 883.926 875.647 828.186 834.262 762.391 922.879
P2542 0.00147 923.916 142.709 958.018 126.84 941.162 90.614 907.059 106.482
P2542 0.00117 395.742 2446.703 411.113 2437.591 387.907 2398.439 372.535 2407.55
P0130 0.00811 486.908 512.513 487.149 375.584 424.887 375.474 424.646 512.404
P0130 0.00198 357.387 332.859 358.315 295.073 321.361 294.165 320.433 331.951
P2455 0.00111 748.321 37.583 750.13 -10.007 625.522 -14.742 623.714 32.848
P2098 0.00522 147.461 649.047 143.541 626.25 101.91 633.408 105.83 656.205
P2791 0.00291 1519.722 6348.283 2129.714 5585.01 669.362 4417.928 59.37 5181.201
P2012 0.97043 329.293 108.233 330.222 61.752 222.933 59.607 222.003 106.087
P2012 0.00307 186.668 198.744 186.903 166.626 155.406 166.396 155.171 198.514
P2126 0.00324 177.29 1111.667 180.508 978.535 27.001 974.824 23.783 1107.956
P2342 0.01897 117.899 1764.1 144.396 1654.85 83.332 1640.04 56.835 1749.29
P1770 0.05576 512.751 3640.411 515.814 3516.755 452.178 3515.179 449.115 3638.834
P1770 0.00237 3457.045 2993.472 3493.092 2981.621 3474.606 2925.396 3438.56 2937.247
P1770 0.00153 2186.477 4956.37 2190.399 4891.488 2108.188 4886.519 2104.265 4951.4
P1770 0.00127 3503.511 2909.225 3559.151 2885.822 3525.973 2806.948 3470.334 2830.351
P1770 0.00116 2477.241 637.194 2494.326 581.615 2455.831 569.781 2438.746 625.36
P1770 0.00101 3502.56 2981.731 3578.427 2948.275 3554.714 2894.502 3478.846 2927.958
P1598 0.3888 2911.787 1570.053 2967.604 1515.569 2881.326 1427.181 2825.51 1481.665
P1598 0.19622 3302.021 2398.798 3355.726 2389.625 3336.35 2276.185 3282.645 2285.358
P1598 0.04269 2189.321 2566.742 2218.912 2440.048 2166.042 2427.699 2136.45 2554.393
P1598 0.02755 387.679 3137.787 390.214 3058.743 339.249 3057.109 336.714 3136.153
P1598 0.01267 871.244 2299.223 915.919 2254.917 844.767 2183.171 800.092 2227.477
P1598 0.01183 2050.901 3553.556 2074.488 3516.866 2020.452 3482.128 1996.865 3518.818
P1598 0.01036 870.227 2307.034 907.126 2261.328 846.994 2212.783 810.095 2258.489
P1598 0.00496 2315.734 4325.468 2374.636 4297.853 2323.212 4188.167 2264.31 4215.783
P1598 0.00356 782.838 1944.215 797.437 1900.467 692.968 1865.605 678.369 1909.353
P1598 0.00288 2937.441 2492.079 2989.891 2459.588 2957.793 2407.772 2905.343 2440.263
P1598 0.00287 2866.666 3488.311 2879.85 3416.727 2825.109 3406.645 2811.925 3478.229
P1598 0.0025 2079.692 3563.501 2100.581 3527.201 2074.218 3512.03 2053.328 3548.33
P1598 0.00246 631.182 3013.407 651.653 2927.275 590.479 2912.735 570.007 2998.867
P1598 0.00227 1600.037 2471.926 1608.532 2413.935 1542.546 2404.269 1534.052 2462.26
P1596 0.0294 2544.79 1109.103 2593.208 1060.078 2562.125 1029.38 2513.707 1078.405
P1596 0.01411 589.803 1994.23 654.592 1916.788 503.321 1790.234 438.532 1867.677
P1596 0.00656 1836.367 3461.609 1845.983 3408.754 1796.441 3399.742 1786.826 3452.597
P1596 0.00508 2542.957 1081.508 2576.969 1017.628 2532.143 993.762 2498.132 1057.642
P1596 0.00387 1425.302 3299.821 1433.675 3215.761 1400.91 3212.498 1392.537 3296.557
P1596 0.00345 2593.974 3012.065 2621.371 2957.142 2573.455 2933.241 2546.058 2988.164
P1596 0.00302 2789.299 1075.799 2830.13 1063.012 2800.832 969.454 2760.001 982.24
P1596 0.00172 2454.768 1226.867 2484.478 1186.868 2389.662 1116.444 2359.953 1156.444
P1596 0.00155 1855.042 3479.019 1862.593 3429.161 1798.852 3419.506 1791.3 3469.365
P1596 0.00122 1278.82 1641.773 1334.241 1617.968 1297.866 1533.281 1242.445 1557.086
P1596 0.00115 1909.831 3467.014 1971.142 3373.851 1887.974 3319.118 1826.663 3412.281
P1596 0.00108 1386.314 1855.723 1415.423 1768.679 1314.489 1734.925 1285.38 1821.969
P1672 0.24884 3959.646 1664.561 4016.106 1588.16 3844.593 1461.41 3788.132 1537.811
P1672 0.06207 1601.874 943.663 1625.196 874.391 1552.035 849.76 1528.713 919.033
P1672 0.04373 1494.98 926.302 1518.8 851.908 1471.509 836.766 1447.688 911.159
P1672 0.02982 3855.445 1655.809 3894.176 1609.535 3803.572 1533.699 3764.841 1579.974
P1672 0.01755 1549.318 1018.757 1571.731 950.857 1516.828 932.734 1494.415 1000.634
P1672 0.01609 1563.037 942.562 1593.083 868.05 1525.857 840.941 1495.811 915.453
P1672 0.0085 1374.347 1081.241 1412.024 984.816 1355.682 962.801 1318.005 1059.226
P1672 0.00571 1919.353 1053.335 1936.128 969.293 1822.13 946.539 1805.356 1030.581
P1672 0.00232 1602.941 1016.086 1625.655 953.483 1562.142 930.439 1539.428 993.042
P1672 0.00182 3988.036 1630.814 4035.139 1541.066 3862.739 1450.583 3815.636 1540.331
P1672 0.00147 1417.115 979.822 1436.18 917.937 1391.49 904.169 1372.425 966.054
P1672 0.00124 781.951 1084.165 810.112 1014.939 765.346 996.728 737.184 1065.954
P1672 0.00123 1666.752 992.233 1687.978 934.471 1631.365 913.667 1610.139 971.429
P1672 0.00121 3869.198 1184.75 3883.601 1146.788 3818.843 1122.219 3804.44 1160.182
P1672 0.00105 1531.935 1023.075 1550.204 953.487 1495.399 939.099 1477.13 1008.687
P1672 0.00103 1674.847 943.259 1691.407 890.683 1643.618 875.631 1627.058 928.207
P1672 0.00101 3904.757 835.26 3937.231 776.476 3902.251 757.152 3869.777 815.936
P1679 0.00342 877.41 3205.672 844.293 3152.063 731.837 3221.533 764.955 3275.142
P1679 0.00249 172.781 3649.604 167.745 3441.289 55.278 3444.007 60.315 3652.323
P1919 0.00181 71.742 276.785 72.702 7.973 -25.291 7.623 -26.25 276.435
P2429 0.18973 12.889 2660.072 123.876 2646.505 115.078 2574.53 4.092 2588.096
P2429 0.01135 264.643 2821.787 267.553 2753.96 205.448 2751.297 202.539 2819.124
P2429 0.00385 244.259 2820.408 247.814 2745.248 122.014 2739.299 118.46 2814.46
P2429 0.00185 149.964 2796.099 148.352 2751.035 -4.336 2756.497 -2.724 2801.561
P2429 0.00164 2093.938 489.598 2149.461 342.345 2072.674 313.392 2017.151 460.645
P2429 0.0015 220.192 1960.288 240.838 1884.956 186.85 1870.159 166.204 1945.491
P2429 0.00145 273.603 2858.893 271.533 2772.77 -75.317 2781.107 -73.247 2867.23
P2429 0.00134 301.405 2886.273 309.049 2768.169 85.926 2753.727 78.282 2871.831
P2429 0.00129 53.556 2649.486 139.22 2637.01 130.587 2577.735 44.923 2590.211
P2429 0.001 21.876 2704.221 61.373 2556.334 -21.876 2534.101 -61.373 2681.987
P1432 0.16184 1740.295 1145.078 1742.966 887.754 1595.0 886.218 1592.329 1143.542
P1432 0.02055 230.93 2989.03 362.708 2949.48 270.844 2643.399 139.066 2682.949
P1432 0.00789 2845.883 1566.131 2933.763 1554.458 2916.676 1425.826 2828.796 1437.499
P1432 0.0017 2775.412 1583.074 2907.27 1559.82 2883.822 1426.862 2751.964 1450.116
P2194 0.97406 333.748 1652.322 337.831 1267.234 135.23 1265.086 131.147 1650.174
P2194 0.96789 905.451 1794.146 919.069 1392.398 706.278 1385.185 692.66 1786.933
P2194 0.93401 1660.55 1942.539 1660.573 1576.201 1410.041 1576.185 1410.018 1942.524
P2449 0.08622 82.816 2159.316 82.166 2028.388 -2.429 2028.809 -1.778 2159.737
P2449 0.00415 91.589 1710.915 99.079 1669.797 49.748 1660.81 42.258 1701.929
P2408 0.78938 1156.523 1817.145 1126.554 1722.387 1062.899 1742.52 1092.869 1837.277
P2408 0.67644 1305.432 1944.086 1268.778 1819.717 1184.792 1844.469 1221.446 1968.838
P2408 0.56453 1331.066 2225.312 1410.823 2185.082 1387.502 2138.847 1307.745 2179.077
P2408 0.15879 1235.137 1770.083 1284.241 1750.84 1254.099 1673.924 1204.995 1693.167
P2408 0.13569 893.611 950.624 923.957 946.181 915.312 887.127 884.966 891.57
P2408 0.13453 970.794 1500.466 1033.097 1480.205 1001.499 1383.04 939.196 1403.301
P2408 0.06325 881.74 956.781 909.797 951.401 897.804 888.847 869.746 894.227
P2408 0.03335 1175.258 1808.598 1233.016 1780.631 1190.353 1692.526 1132.595 1720.493
P2408 0.02789 1048.318 624.394 1092.52 613.495 1076.518 548.598 1032.316 559.497
P2408 0.02686 849.335 965.092 875.887 959.688 863.741 900.004 837.189 905.408
P2408 0.01232 1315.06 2161.688 1389.018 2123.092 1332.617 2015.018 1258.659 2053.615
P2408 0.00607 388.076 362.461 387.524 276.819 294.303 277.421 294.856 363.062
P2408 0.00441 911.191 956.762 938.461 951.036 924.011 882.217 896.742 887.943
P2408 0.0043 1056.928 643.182 1095.86 633.561 1080.155 570.008 1041.223 579.628
P2408 0.00261 730.009 631.025 733.651 578.539 679.148 574.756 675.505 627.242
P2408 0.00255 1860.148 2577.549 1884.334 2558.636 1856.9 2523.555 1832.715 2542.468
P2408 0.0018 1161.249 1633.595 1219.181 1574.899 1156.212 1512.75 1098.28 1571.446
P2408 0.00171 1889.091 2574.054 1910.061 2563.899 1887.512 2517.332 1866.542 2527.486
P2408 0.00109 1276.621 2007.478 1330.546 1975.933 1259.05 1853.714 1205.125 1885.26
P2778 0.00517 1058.878 3408.847 1106.893 3321.708 972.477 3247.642 924.462 3334.781
P0665 0.71393 643.672 883.091 1048.935 368.415 700.371 93.95 295.108 608.626
P0665 0.01152 1290.318 1755.52 1379.927 1453.82 927.173 1319.346 837.564 1621.045
P0665 0.00157 117.708 1697.58 154.689 1501.334 22.265 1476.38 -14.716 1672.625
P2044 0.00371 37.861 558.257 37.499 549.467 5.925 550.765 6.286 559.555
P2011 0.97709 391.514 791.08 395.077 404.572 197.28 402.749 193.717 789.257
P2011 0.00173 17.945 855.536 12.475 505.329 -17.945 505.804 -12.475 856.011
P2504 0.81463 1325.11 487.813 1391.537 473.356 1365.625 354.294 1299.198 368.751
P2504 0.35166 1223.634 592.715 1208.903 458.438 1130.279 467.064 1145.011 601.341
P2504 0.01038 1253.277 631.949 1294.76 622.242 1282.214 568.633 1240.732 578.341
P2504 0.00835 372.814 2178.449 438.16 2141.142 371.566 2024.498 306.22 2061.805
P2504 0.00495 451.127 2143.684 485.506 2124.597 416.64 2000.559 382.261 2019.646
P2504 0.00195 1242.705 463.611 1273.118 454.994 1265.292 427.375 1234.88 435.991
P2504 0.00147 1271.09 534.613 1297.458 525.043 1285.491 492.068 1259.122 501.638
P2504 0.00122 341.624 2161.246 364.528 2084.674 280.824 2059.637 257.92 2136.208
P2121 0.94546 290.021 862.785 516.739 843.693 483.176 445.129 256.458 464.221
P0199 0.00138 1128.062 1583.446 1127.504 1551.111 949.593 1554.18 950.151 1586.515
P0402 0.30156 472.781 920.59 704.862 836.493 588.713 515.962 356.632 600.059
P0402 0.1596 230.411 925.821 591.085 822.228 509.614 538.576 148.94 642.169
P0402 0.10833 203.162 860.438 203.097 685.199 1.406 685.273 1.471 860.512
P0402 0.001 314.789 833.399 546.68 732.598 473.801 564.942 241.91 665.744
P2375 0.93222 832.157 672.193 931.124 638.622 881.562 492.512 782.596 526.082
P2375 0.00238 906.553 773.734 894.649 702.789 859.637 708.664 871.542 779.609
P2375 0.0013 1271.249 1066.169 1280.74 1046.123 1237.557 1025.675 1228.065 1045.72
P2593 0.97007 600.534 573.022 853.559 544.619 807.803 136.997 554.777 165.4
P2593 0.91555 166.434 822.055 445.823 787.488 392.755 358.566 113.367 393.133
P2593 0.00371 867.841 35.792 866.717 -41.965 439.758 -35.792 440.882 41.965
P2593 0.00157 1228.648 1245.883 1227.814 1045.344 1177.352 1045.553 1178.186 1246.093
P0622 0.00304 239.499 600.534 388.968 578.878 374.835 481.332 225.365 502.989
P2768 0.84162 866.887 2065.527 867.252 1878.104 729.219 1877.835 728.854 2065.259
P2768 0.0079 919.844 2102.429 919.887 2053.68 888.557 2053.653 888.514 2102.402
P2768 0.00249 875.464 1085.264 876.107 1051.983 851.24 1051.502 850.596 1084.784
P2768 0.00185 909.42 1942.383 911.732 1914.423 884.866 1912.202 882.555 1940.162
P2768 0.00175 651.21 1796.108 651.139 1771.664 619.241 1771.757 619.313 1796.201
P2768 0.00123 868.945 1407.591 868.4 1380.594 820.528 1381.56 821.073 1408.557
P1878 0.00613 649.916 516.711 648.33 221.443 546.197 221.991 547.782 517.259
P2595 0.97187 152.805 1379.966 424.096 1353.414 382.513 928.55 111.221 955.103
P2595 0.93221 667.299 827.314 949.848 792.336 897.346 368.234 614.797 403.212
P2595 0.15198 892.448 1246.819 999.769 1232.125 973.943 1043.502 866.622 1058.196
P2595 0.02431 345.45 1682.871 343.124 1561.884 21.812 1568.061 24.138 1689.047
P2595 0.0028 1045.427 1665.622 1183.382 1348.806 890.573 1221.304 752.618 1538.12
P2595 0.00202 40.603 1299.329 64.057 992.097 -13.15 986.203 -36.603 1293.435
P2595 0.00147 85.209 1731.681 275.754 1630.586 219.46 1524.482 28.915 1625.576
P2595 0.0013 550.595 1688.863 547.15 1532.94 79.252 1543.278 82.697 1699.201
P2595 0.00113 162.687 1709.486 192.724 1596.272 36.526 1554.832 6.49 1668.046
P0368 0.96368 378.656 1138.781 648.016 840.197 447.112 658.956 177.751 957.54
P0047 0.96649 493.133 641.481 517.332 280.579 286.838 265.124 262.639 626.026
P0047 0.00379 503.72 453.245 512.385 286.939 285.867 275.135 277.201 441.442
P2580 0.96065 322.014 698.377 558.439 622.223 436.605 243.983 200.181 320.137
P2580 0.95655 374.316 1093.913 755.129 936.339 666.326 721.725 285.512 879.3
P2580 0.00184 684.704 2157.198 908.082 1883.846 599.4 1631.597 376.022 1904.95
P0242 0.02702 54.173 349.912 416.337 240.548 335.054 -28.625 -27.11 80.739
P1184 0.01531 1697.128 5427.743 1726.383 5338.775 1674.037 5321.562 1644.782 5410.53
P1184 0.00123 1364.368 471.921 1373.922 406.912 1292.572 394.957 1283.018 459.967
