P0961 0.00185 5568.025 612.551 5599.879 604.273 5580.309 528.959 5548.455 537.236
P0961 0.00136 3784.47 997.407 3784.462 962.802 3745.942 962.81 3745.95 997.415
P0998 0.00121 5481.388 587.031 5487.648 485.961 5440.551 483.044 5434.292 584.114
P1030 0.01083 1757.789 898.78 1780.389 894.534 1764.749 811.298 1742.15 815.544
P1030 0.00556 1747.203 929.722 1771.587 923.82 1753.589 849.46 1729.205 855.362
P1030 0.00264 2088.408 797.993 2120.054 790.581 2105.029 726.435 2073.383 733.848
P0814 0.96474 787.16 305.991 807.48 116.792 716.15 106.983 695.831 296.182
P0814 0.96352 642.127 293.676 663.729 103.461 573.758 93.243 552.157 283.459
P0814 0.96337 345.875 266.288 364.981 75.683 273.895 66.553 254.789 257.158
P0814 0.96296 933.377 319.57 951.727 128.18 861.736 119.553 843.387 310.942
P0814 0.96253 1225.314 345.912 1245.417 154.361 1154.702 144.841 1134.599 336.392
P0814 0.96229 1078.694 332.268 1098.387 142.901 1007.434 133.442 987.74 322.809
P0814 0.96167 499.044 281.096 518.712 87.585 427.227 78.286 407.559 271.798
P0814 0.00272 758.742 29.257 758.553 0.529 571.266 1.762 571.455 30.49
P0814 0.0013 793.144 31.558 793.475 0.215 629.72 -1.513 629.389 29.83
P0953 0.00187 2729.723 127.383 2751.578 115.447 2729.205 74.48 2707.349 86.417
P0186 0.96709 1218.491 402.191 1223.373 227.574 1138.751 225.208 1133.869 399.826
P0186 0.966 253.897 385.126 257.662 210.116 174.747 208.332 170.982 383.342
P0186 0.96473 929.352 396.329 932.824 219.22 848.62 217.569 845.149 394.678
P0186 0.96457 394.05 386.59 398.038 211.659 314.08 209.745 310.093 384.676
P0186 0.96258 661.669 390.947 664.98 214.836 581.397 213.264 578.086 389.375
P0186 0.96226 527.093 388.931 530.221 212.742 447.817 211.279 444.689 387.468
P0186 0.962 1062.929 397.882 1065.746 222.255 981.793 220.909 978.976 396.535
P0186 0.96193 795.32 394.674 798.023 217.066 714.002 215.787 711.299 393.395
P0186 0.03441 43.721 353.188 50.163 207.879 2.085 205.748 -4.357 351.057
P0186 0.00105 118.848 395.628 126.802 214.424 23.483 209.888 15.528 391.093
P0822 0.96528 1020.517 380.29 1038.107 183.858 946.337 175.64 928.747 372.072
P0822 0.96306 538.969 409.639 556.153 213.72 465.505 205.769 448.321 401.689
P0822 0.96306 352.788 391.866 370.782 195.987 278.318 187.493 260.324 383.372
P0822 0.96172 805.522 361.273 826.586 163.982 735.252 154.23 714.188 351.522
P0822 0.96085 656.706 420.92 675.379 225.309 582.939 216.485 564.266 412.095
P0822 0.96007 912.992 370.885 932.575 175.875 841.226 166.701 821.643 361.712
P2085 0.95599 360.767 300.013 383.893 102.075 288.621 90.943 265.495 288.882
P2085 0.93592 233.69 296.502 260.198 88.044 164.48 75.873 137.972 284.331
P2271 0.01991 4943.398 3223.341 5013.444 3185.67 4995.151 3151.656 4925.105 3189.327
P2271 0.00232 1679.719 1344.17 1706.048 1306.337 1627.716 1251.822 1601.386 1289.654
P2271 0.00171 4882.7 3250.692 4940.335 3206.023 4909.583 3166.344 4851.948 3211.013
P2271 0.00117 1782.037 1241.492 1832.526 1179.814 1794.679 1148.833 1744.19 1210.511
P2271 0.00115 459.152 1634.358 478.329 1606.616 427.92 1571.771 408.743 1599.513
P0019 0.00135 1959.352 3301.482 1959.976 3248.853 1867.019 3247.751 1866.395 3300.38
P0019 0.0012 1787.303 3285.245 1788.574 3234.56 1639.702 3230.827 1638.431 3281.512
P1051 0.96235 932.19 548.943 987.935 374.146 905.991 348.013 850.246 522.81
P1051 0.9618 590.591 440.156 647.868 263.571 565.473 236.845 508.195 413.43
P1051 0.9609 270.134 336.901 327.466 161.587 245.945 134.928 188.613 310.241
P1051 0.96025 1147.032 618.528 1202.198 442.948 1118.673 416.705 1063.507 592.285
P1051 0.96018 1038.866 583.4 1095.433 407.547 1012.86 380.985 956.293 556.839
P1051 0.96001 825.584 514.654 881.026 338.566 799.332 312.844 743.89 488.932
P1051 0.95733 484.846 406.622 539.956 231.233 457.382 205.287 402.272 380.676
P1051 0.95563 378.026 371.637 433.703 195.896 351.167 169.747 295.49 345.489
P2168 0.92904 616.571 898.109 620.026 803.128 574.125 801.458 570.67 896.439
P2168 0.92824 560.523 890.964 562.741 801.714 519.08 800.628 516.862 889.879
P2168 0.92255 400.123 888.653 401.546 797.98 356.111 797.266 354.687 887.939
P2168 0.92027 507.221 890.419 509.411 801.047 465.941 799.981 463.752 889.354
P2168 0.9185 343.404 884.407 344.796 796.319 299.139 795.598 297.748 883.686
P2168 0.91323 453.867 889.904 455.616 799.514 410.73 798.646 408.981 889.035
P2168 0.10515 984.311 882.288 983.82 807.179 936.891 807.485 937.382 882.594
P2168 0.08303 1870.647 966.702 1871.498 871.488 1812.874 870.964 1812.022 966.178
P2168 0.07456 1991.967 965.906 1993.637 887.453 1959.379 886.723 1957.71 965.177
P2168 0.06953 1948.814 966.976 1949.99 825.252 1883.366 824.699 1882.19 966.423
P2168 0.0205 1725.931 797.262 1725.022 707.189 1659.312 707.852 1660.22 797.925
P2168 0.01634 1030.214 886.625 1030.548 813.739 991.536 813.56 991.202 886.446
P2168 0.0086 1806.989 976.135 1806.549 886.584 1747.908 886.872 1748.348 976.423
P2168 0.00645 1948.987 913.518 1950.559 766.414 1884.18 765.704 1882.608 912.809
P2168 0.00522 1948.152 858.769 1949.214 766.311 1884.551 765.568 1883.489 858.026
P2168 0.00503 1870.546 864.291 1873.352 763.536 1820.07 762.052 1817.264 862.807
P2168 0.00225 2015.945 973.837 2027.293 880.323 1971.309 873.529 1959.961 967.044
P2168 0.00182 1761.493 813.741 1761.842 737.048 1713.815 736.829 1713.466 813.522
P2168 0.00157 1015.545 1025.32 1016.656 993.131 932.865 990.24 931.755 1022.429
P2695 0.00358 971.058 2273.805 998.399 2248.89 965.448 2212.731 938.107 2237.646
P2758 0.00307 2004.215 367.965 2032.641 310.807 1926.899 258.219 1898.473 315.377
P2758 0.00278 2716.103 99.88 2736.414 23.478 2662.026 3.703 2641.715 80.104
P2758 0.00202 2538.127 149.471 2557.299 51.977 2443.649 29.628 2424.477 127.122
P2331 0.49506 1744.378 1837.381 1745.384 1794.205 1723.528 1793.696 1722.523 1836.873
P2331 0.25779 1717.847 1834.427 1718.397 1793.427 1694.325 1793.104 1693.775 1834.104
P2331 0.1031 1434.31 689.834 1435.503 640.994 1409.422 640.356 1408.228 689.197
P2331 0.08555 1473.682 689.576 1474.47 636.679 1446.136 636.257 1445.348 689.154
P2331 0.06611 1395.935 689.283 1397.139 638.199 1369.027 637.537 1367.823 688.62
P2331 0.06574 1668.458 616.674 1669.356 570.206 1645.65 569.748 1644.751 616.216
P2331 0.05939 1212.387 1800.375 1212.431 1766.923 1194.858 1766.9 1194.814 1800.352
P2331 0.05248 1694.992 618.991 1696.968 572.963 1673.927 571.974 1671.951 618.002
P2331 0.03334 661.961 1243.131 662.98 1195.718 638.897 1195.2 637.878 1242.613
P2331 0.02323 1254.597 1803.649 1255.399 1767.62 1235.374 1767.174 1234.571 1803.203
P2331 0.0142 1178.302 1799.523 1178.438 1765.231 1160.168 1765.159 1160.032 1799.45
P2331 0.0129 1659.0 1830.09 1660.399 1794.55 1627.884 1793.271 1626.485 1828.81
P2331 0.01122 1595.843 1831.557 1596.496 1801.806 1567.751 1801.174 1567.097 1830.925
P2331 0.00967 707.568 1193.761 710.488 1152.373 689.264 1150.875 686.344 1192.264
P2331 0.00944 1775.988 1843.411 1775.774 1795.328 1752.497 1795.432 1752.712 1843.515
P2331 0.00737 1636.687 616.347 1637.422 569.21 1613.682 568.84 1612.947 615.976
P2331 0.00429 1783.448 1837.795 1784.63 1795.175 1760.16 1794.496 1758.978 1837.116
P2331 0.00429 1193.526 1794.735 1193.115 1756.888 1176.048 1757.073 1176.458 1794.92
P2331 0.00423 661.071 1189.008 660.101 1138.587 627.739 1139.209 628.709 1189.63
P2331 0.00302 1842.157 1841.983 1842.578 1800.81 1809.664 1800.474 1809.244 1841.647
P2331 0.00249 731.298 1187.303 733.736 1152.892 712.671 1151.4 710.233 1185.81
P2331 0.00185 1465.897 621.421 1467.083 577.924 1442.079 577.242 1440.893 620.74
P2331 0.0018 1498.021 1108.803 1511.582 1067.633 1490.356 1060.641 1476.795 1101.811
P2331 0.00163 609.602 1182.538 610.511 1140.333 583.474 1139.75 582.564 1181.956
P2331 0.00159 1429.0 615.125 1430.835 575.025 1403.818 573.788 1401.982 613.888
P2331 0.00131 1360.208 718.363 1360.193 678.373 1319.379 678.388 1319.394 718.378
P2331 0.00125 1381.692 1059.327 1395.693 1016.175 1365.803 1006.477 1351.802 1049.629
P2331 0.00112 942.452 116.454 990.54 77.793 973.721 56.872 925.632 95.533
P2331 0.00111 1642.732 614.45 1643.819 569.884 1620.301 569.31 1619.214 613.876
P2331 0.0011 1208.633 1732.979 1209.675 1688.022 1187.069 1687.499 1186.027 1732.456
P2331 0.00104 828.911 1569.461 828.375 1548.283 804.738 1548.881 805.274 1570.059
P2722 0.00943 1580.512 1122.907 1607.251 1101.111 1567.354 1052.165 1540.615 1073.96
P2722 0.0027 1599.474 1099.712 1623.31 1078.793 1583.953 1033.947 1560.117 1054.865
P2722 0.00188 1522.409 1141.925 1553.737 1120.865 1517.531 1067.008 1486.203 1088.069
P2563 0.93777 1059.015 333.149 1108.991 321.859 1085.964 219.92 1035.987 231.21
P2563 0.92523 1214.674 298.884 1268.127 286.9 1244.918 183.378 1191.465 195.362
P2563 0.8997 1140.667 313.302 1192.765 300.38 1166.569 194.765 1114.471 207.687
P2563 0.89565 1294.381 517.299 1334.677 507.653 1315.471 427.418 1275.176 437.063
P2563 0.86935 1159.454 541.864 1195.475 533.487 1177.36 455.596 1141.339 463.974
P2563 0.84742 1219.37 534.406 1257.969 525.811 1238.561 438.662 1199.962 447.258
P2563 0.62718 1252.274 527.123 1288.932 519.142 1270.806 435.887 1234.148 443.868
P2563 0.09438 1173.131 540.987 1213.238 530.048 1191.819 451.51 1151.712 462.448
P2563 0.04137 1236.671 531.979 1274.789 523.043 1255.217 439.558 1217.099 448.494
P2563 0.03738 878.618 567.11 924.607 555.058 905.609 482.56 859.62 494.611
P2563 0.03497 897.299 575.341 936.526 562.791 914.368 493.531 875.141 506.081
P2563 0.0252 1195.141 531.183 1234.827 521.677 1217.323 448.599 1177.636 458.105
P2563 0.00823 1273.485 523.084 1317.577 511.825 1297.409 432.839 1253.317 444.097
P2563 0.00648 839.357 567.105 906.264 549.502 889.564 486.026 822.657 503.629
P2563 0.00437 846.854 588.296 909.4 569.671 889.924 504.266 827.378 522.891
P2563 0.0037 978.731 38.13 1020.619 29.018 1010.052 -19.561 968.164 -10.45
P2563 0.00274 867.108 608.206 928.942 584.608 905.426 522.992 843.593 546.59
P2563 0.00274 900.227 593.573 941.251 574.531 911.998 511.507 870.974 530.549
P2563 0.00233 823.966 516.146 896.618 497.691 884.615 450.438 811.963 468.894
P2563 0.00168 1912.379 34.81 1909.985 -10.037 1829.658 -5.749 1832.052 39.098
P2563 0.00163 1890.072 172.078 1928.025 156.893 1902.913 94.133 1864.961 109.318
P2563 0.00161 961.203 45.539 979.946 39.261 961.814 -14.879 943.07 -8.601
P2563 0.00146 992.886 29.634 1055.779 16.213 1049.195 -14.642 986.302 -1.221
P2563 0.00133 1896.641 191.392 1934.931 177.616 1909.665 107.388 1871.375 121.164
P0650 0.97054 292.506 300.263 297.399 108.348 205.017 105.993 200.124 297.907
P0650 0.97036 743.49 309.631 749.055 117.634 657.296 114.975 651.732 306.972
P0650 0.96963 578.181 305.458 581.094 111.595 488.395 110.203 485.482 304.065
P0650 0.96902 466.521 302.613 470.112 110.726 380.366 109.046 376.774 300.933
P0650 0.96845 857.081 310.678 861.365 119.924 770.342 117.879 766.058 308.634
P0650 0.74357 127.443 320.471 128.773 225.306 77.61 224.591 76.28 319.756
P0650 0.28624 130.916 175.938 132.387 80.01 81.815 79.235 80.344 175.163
P0457 0.96544 1114.492 710.341 1197.632 664.25 1101.764 491.321 1018.624 537.412
P0457 0.95801 1017.819 766.982 1099.743 721.089 1001.32 545.393 919.395 591.287
P0228 0.96928 780.96 764.09 877.405 754.803 858.032 553.617 761.587 562.904
P0228 0.96682 872.15 450.948 967.962 441.114 947.615 242.879 851.802 252.713
P0228 0.96635 471.299 490.17 567.816 481.292 549.457 281.696 452.939 290.574
P0228 0.96367 503.537 789.959 597.649 780.797 578.264 581.659 484.152 590.821
P0228 0.96273 381.747 801.471 478.202 792.086 458.76 592.286 362.306 601.672
P0228 0.96171 1023.528 737.707 1117.078 727.732 1095.898 529.102 1002.347 539.077
P0228 0.95768 752.578 462.261 846.823 453.113 827.568 254.749 733.323 263.897
P0228 0.95703 592.911 479.353 688.656 469.763 668.694 270.47 572.948 280.06
P0228 0.95684 354.293 500.86 448.154 491.524 428.299 291.906 334.438 301.242
P0228 0.95556 623.266 777.351 717.031 767.953 697.036 568.463 603.271 577.861
P0228 0.95222 904.455 752.854 997.028 743.262 976.322 543.422 883.749 553.014
P0228 0.95018 994.192 441.89 1087.554 432.414 1066.967 229.573 973.605 239.048
P0228 0.24043 1253.955 160.394 1305.775 153.547 1291.924 48.733 1240.104 55.581
P0491 0.19028 424.947 58.589 428.521 -2.789 284.954 -11.151 281.38 50.227
P0491 0.05341 369.456 93.631 388.855 35.574 264.671 -5.92 245.272 52.138
P0491 0.01053 95.179 75.271 97.562 -10.895 -0.1 -13.595 -2.483 72.571
P0491 0.00628 157.631 108.841 179.705 3.722 19.657 -29.887 -2.417 75.232
P0491 0.00416 335.777 116.117 376.936 66.051 299.11 2.071 257.952 52.137
P0491 0.00406 560.527 24.084 556.8 -34.565 306.675 -18.673 310.401 39.977
P0491 0.00376 105.504 36.367 105.426 -20.936 -4.931 -20.785 -4.853 36.517
P0491 0.00222 182.776 43.291 181.337 -23.599 -14.566 -19.385 -13.127 47.506
P0491 0.00137 392.149 64.187 393.62 -8.232 188.17 -12.407 186.698 60.012
P1903 0.95279 1441.854 903.091 1449.895 801.147 1400.686 797.266 1392.645 899.21
P1903 0.95102 1505.934 907.103 1512.66 804.816 1463.714 801.598 1456.987 903.884
P1903 0.94866 1377.999 898.499 1386.194 797.207 1337.565 793.272 1329.37 894.565
P1903 0.94633 1313.343 891.162 1321.848 792.894 1275.354 788.871 1266.85 887.138
P1903 0.94442 1250.756 887.862 1257.392 785.163 1209.563 782.072 1202.926 884.772
P1903 0.00204 349.906 166.651 359.844 64.641 295.122 58.335 285.184 160.345
P1903 0.0017 405.548 164.21 414.364 71.09 363.013 66.228 354.197 159.348
P1903 0.00148 1365.786 504.046 1379.435 318.148 1091.241 296.989 1077.593 482.887
P0763 0.00218 455.707 1117.469 455.447 1077.48 362.794 1078.083 363.054 1118.073
P0725 0.00215 1142.235 1116.585 1141.131 1073.234 992.336 1077.02 993.439 1120.372
P0725 0.00182 1417.062 1142.093 1433.85 1048.511 1312.252 1026.696 1295.464 1120.279
P0725 0.00136 1476.676 1125.593 1476.499 1069.144 1307.993 1069.672 1308.17 1126.12
P0725 0.00117 42.563 45.25 53.432 -31.689 -42.563 -45.25 -53.432 31.689
P0764 0.01167 470.73 1113.68 470.157 1056.676 359.976 1057.782 360.548 1114.786
P0764 0.0051 1435.122 33.008 1441.035 -9.137 1368.225 -19.353 1362.311 22.792
P0764 0.00208 470.121 1134.216 469.735 1061.263 371.298 1061.784 371.684 1134.737
P0764 0.0014 146.486 1111.799 148.889 1065.715 72.424 1061.728 70.021 1107.812
P2166 0.02847 420.446 297.29 422.167 186.949 363.888 186.04 362.167 296.381
P0146 0.92901 686.429 785.46 712.57 697.168 669.716 684.479 643.574 772.772
P0146 0.92783 630.375 768.07 657.019 678.472 613.137 665.422 586.493 755.021
P0146 0.92592 573.639 752.548 601.044 661.874 557.255 648.64 529.851 739.314
P0146 0.00441 640.896 607.294 663.757 533.131 619.989 519.639 597.128 593.803
P0146 0.00389 623.394 582.314 646.392 513.38 612.761 502.16 589.763 571.094
P0833 0.96436 593.63 654.358 664.915 596.338 545.134 449.171 473.849 507.191
P0833 0.9631 773.178 507.032 842.528 451.226 723.247 302.995 653.898 358.801
P0833 0.96253 775.786 878.719 846.007 822.219 726.549 673.752 656.329 730.252
P0833 0.96157 864.701 803.71 934.891 746.726 816.337 600.7 746.147 657.685
P0833 0.96118 955.355 731.534 1024.822 675.334 904.291 526.35 834.824 582.549
P0833 0.96108 683.123 578.645 752.783 521.969 633.429 375.272 563.769 431.948
P0833 0.95918 1042.471 659.085 1113.194 603.564 997.127 455.716 926.404 511.237
P0833 0.95745 686.128 949.287 754.719 895.168 636.771 745.679 568.179 799.798
P0833 0.95723 863.426 434.023 932.748 377.68 814.545 232.245 745.222 288.588
P0833 0.95399 505.279 725.249 573.715 669.959 454.276 522.121 385.839 577.412
P0833 0.00621 1218.87 332.081 1285.848 307.16 1233.473 166.393 1166.495 191.313
P0833 0.00184 1205.708 608.056 1319.021 568.036 1249.09 370.03 1135.777 410.05
P0833 0.00109 -3.593 152.098 29.348 91.621 3.593 77.592 -29.348 138.069
P2502 0.04734 510.563 727.037 529.964 694.681 512.503 684.211 493.102 716.567
P2502 0.0226 295.417 586.808 391.073 428.186 314.736 382.151 219.08 540.773
P2502 0.00665 1008.671 2013.481 1012.884 1968.252 974.182 1964.647 969.97 2009.876
P2502 0.00589 1729.25 271.215 1754.773 239.19 1739.503 227.02 1713.979 259.045
P2502 0.00587 1781.96 224.888 1801.135 191.668 1778.186 178.422 1759.012 211.642
P2502 0.00275 493.382 764.421 506.499 744.994 478.201 725.888 465.085 745.314
P2502 0.0023 1721.692 232.515 1745.141 196.801 1723.799 182.789 1700.35 218.502
P2502 0.00214 1819.574 227.569 1835.369 198.177 1811.761 185.49 1795.966 214.882
P2502 0.00213 1107.892 1812.345 1111.361 1762.937 1083.867 1761.007 1080.398 1810.415
P2502 0.00131 1140.192 1818.507 1144.174 1768.949 1120.649 1767.058 1116.666 1816.617
P2502 0.0013 605.136 584.854 702.001 558.373 648.083 361.141 551.218 387.621
P2502 0.00123 267.485 584.949 307.288 513.963 260.523 487.741 220.72 558.728
P2502 0.00108 537.135 689.105 573.323 633.508 551.638 619.394 515.45 674.991
P2592 0.9384 637.46 1242.715 685.224 1224.497 646.436 1122.799 598.672 1141.016
P2592 0.93387 890.77 1131.798 939.755 1114.417 902.498 1009.416 853.513 1026.797
P2592 0.93117 802.764 1173.229 854.796 1153.957 816.788 1051.345 764.756 1070.618
P2592 0.92305 963.185 1105.266 1015.454 1086.9 978.126 980.668 925.857 999.034
P2592 0.92208 723.984 1201.676 775.169 1183.759 740.003 1083.298 688.818 1101.215
P2592 0.92082 436.193 1312.709 486.603 1294.974 447.652 1184.26 397.242 1201.995
P2592 0.91595 353.457 1346.092 406.663 1326.104 366.093 1218.112 312.887 1238.1
P2592 0.91564 198.023 1434.9 248.32 1416.725 211.869 1315.852 161.572 1334.027
P2592 0.91507 510.31 1287.0 561.756 1269.379 525.403 1163.241 473.957 1180.862
P2592 0.91149 273.072 1411.056 325.378 1391.181 285.579 1286.441 233.273 1306.316
P2592 0.8966 761.643 1013.416 852.526 980.912 837.064 937.68 746.181 970.185
P0815 0.96318 377.862 672.853 463.005 650.261 415.49 471.186 330.348 493.777
P0815 0.95518 832.009 549.15 917.886 526.798 870.704 345.526 784.827 367.878
P0815 0.95274 481.529 641.783 565.277 619.545 517.563 439.85 433.815 462.087
P0815 0.95271 709.765 583.041 793.353 560.597 744.411 378.324 660.823 400.768
P0815 0.95085 937.355 521.833 1021.068 499.624 974.209 323.002 890.496 345.212
P0815 0.9476 606.318 611.513 690.42 588.7 641.227 407.349 557.125 430.163
P0815 0.00675 -10.039 288.153 64.711 279.289 35.429 32.369 -39.321 41.233
P0815 0.00189 1088.444 842.214 1088.713 821.273 921.916 819.131 921.647 840.071
P0815 0.00106 1089.321 853.74 1086.848 801.327 929.842 808.736 932.315 861.148
P2587 0.95036 2476.1 1123.751 2628.721 965.008 2552.628 891.85 2400.007 1050.592
P2587 0.94918 2363.458 1022.396 2519.868 860.891 2441.671 785.161 2285.261 946.666
P2587 0.93592 2581.079 1220.231 2731.038 1065.009 2660.612 996.971 2510.653 1152.192
P2587 0.84605 1114.064 774.259 1153.205 634.863 1076.416 613.301 1037.274 752.697
P2587 0.79803 1022.683 741.411 1058.793 601.496 992.905 584.492 956.795 724.407
P2587 0.72251 941.752 710.362 980.781 577.355 913.025 557.473 873.996 690.48
P2587 0.40136 763.631 696.509 822.63 527.303 738.488 497.964 679.489 667.17
P2587 0.01968 1625.544 586.197 1643.449 534.84 1612.167 523.934 1594.262 575.291
P2587 0.01316 1616.051 608.967 1637.299 549.955 1608.91 539.734 1587.662 598.745
P2587 0.0082 977.944 730.257 1015.898 590.607 931.49 567.666 893.535 707.316
P2587 0.00299 1535.99 487.947 1549.404 433.163 1519.7 425.89 1506.286 480.674
P2587 0.00177 999.071 747.141 1040.633 595.532 957.232 572.668 915.67 724.277
P2587 0.00177 960.155 773.433 973.8 726.987 857.552 692.836 843.907 739.282
P2587 0.00166 1017.714 845.188 1093.772 593.948 904.013 536.502 827.955 787.742
P2587 0.00137 1052.474 749.457 1088.444 610.533 1034.178 596.483 998.208 735.406
P1456 0.00136 636.489 1861.538 637.433 1651.837 529.397 1651.35 528.452 1861.052
P0543 0.02522 291.34 61.295 302.591 -1.504 189.924 -21.69 178.673 41.11
P0816 0.96639 378.927 451.215 387.268 265.961 299.405 262.005 291.063 447.259
P0816 0.96636 663.715 466.133 672.331 279.753 583.935 275.667 575.319 462.047
P0816 0.96542 809.857 614.096 819.987 426.908 730.778 422.08 720.648 609.269
P0816 0.96276 521.039 458.665 529.997 272.447 442.23 268.225 433.272 454.443
P0816 0.96111 237.302 446.87 246.179 257.382 157.774 253.241 148.897 442.729
P0816 0.95773 951.73 618.426 960.907 432.314 872.909 427.975 863.733 614.087
P2404 0.01167 842.181 1397.978 892.181 1328.011 815.704 1273.36 765.705 1343.326
P2404 0.00182 2240.557 3383.702 2265.496 3303.605 2221.448 3289.89 2196.509 3369.987
P2404 0.00106 2319.625 3411.46 2339.917 3341.497 2291.899 3327.57 2271.607 3397.532
P2197 0.93874 800.171 1546.082 801.466 1457.865 757.274 1457.216 755.978 1545.434
P2197 0.93824 740.431 1404.148 743.805 1312.759 699.175 1311.112 695.802 1402.5
P2197 0.937 673.668 1402.399 676.344 1311.978 633.139 1310.699 630.464 1401.121
P2197 0.93048 733.771 1544.837 734.646 1456.466 692.084 1456.044 691.209 1544.416
P2197 0.92879 1933.01 1535.21 1935.485 1451.372 1892.966 1450.117 1890.491 1533.955
P2197 0.92737 2000.622 1540.057 2003.668 1455.973 1963.523 1454.519 1960.476 1538.602
P2197 0.92703 2053.007 1542.56 2056.259 1459.33 2016.973 1457.795 2013.721 1541.025
P2197 0.9265 804.309 1407.638 807.388 1313.796 763.213 1312.347 760.134 1406.189
P2197 0.92438 671.174 1540.44 670.924 1454.369 625.339 1454.501 625.589 1540.573
P2197 0.92369 2098.785 1542.175 2102.241 1462.268 2066.982 1460.743 2063.526 1540.65
P2197 0.91794 1822.914 1534.134 1826.338 1449.094 1784.278 1447.4 1780.855 1532.441
P2197 0.9099 1874.579 1535.746 1877.205 1450.796 1836.494 1449.537 1833.868 1534.488
P2197 0.90862 869.461 1408.175 872.008 1320.997 830.349 1319.78 827.802 1406.958
P2197 0.89787 867.54 1548.755 870.695 1458.225 825.267 1456.642 822.112 1547.171
P2197 0.89712 840.326 1623.321 842.372 1584.719 766.586 1580.702 764.539 1619.303
P2197 0.88671 2087.833 1417.572 2092.616 1336.063 2049.494 1333.533 2044.711 1415.041
P2197 0.70237 2011.388 1411.604 2015.788 1341.108 1977.48 1338.717 1973.08 1409.213
P2197 0.59489 1852.637 1403.862 1856.003 1333.976 1811.976 1331.856 1808.61 1401.742
P2197 0.09913 1918.52 1407.996 1921.94 1338.339 1887.389 1336.643 1883.969 1406.3
P2197 0.01026 2072.921 864.383 2078.083 785.929 2027.595 782.607 2022.433 861.061
P2197 0.00214 1922.672 1423.143 1928.073 1322.841 1794.297 1315.636 1788.896 1415.939
P2197 0.00131 722.816 1616.928 724.777 1578.035 695.752 1576.572 693.792 1615.465
P2197 0.00106 728.252 1619.132 728.928 1581.596 677.391 1580.667 676.715 1618.203
P0027 0.01236 2194.222 1774.612 2220.353 1740.706 2184.887 1713.373 2158.756 1747.279
P0027 0.00549 2211.851 1792.016 2270.306 1738.741 2215.829 1678.967 2157.374 1732.242
P0660 0.96331 646.962 410.564 776.408 274.245 711.227 212.35 581.781 348.669
P0660 0.96064 956.429 697.812 1087.404 561.892 1023.071 499.9 892.096 635.82
P0660 0.95789 864.078 612.513 997.283 475.182 931.713 411.582 798.508 548.913
P0660 0.95735 752.051 508.934 881.371 370.744 814.414 308.085 685.094 446.275
P1950 0.00366 212.555 572.848 217.593 523.367 132.733 514.726 127.695 564.207
P1230 0.00658 2887.362 3170.19 2915.207 3130.791 2874.137 3101.765 2846.292 3141.163
P1506 0.92634 2577.21 1155.471 2661.027 1125.193 2596.497 946.556 2512.68 976.834
P1506 0.91106 2687.449 1106.368 2770.285 1078.47 2711.608 904.243 2628.772 932.141
P1506 0.88455 898.442 559.503 975.044 546.881 950.852 400.062 874.25 412.685
P1506 0.85508 772.728 579.631 853.787 568.205 833.096 421.402 752.036 432.827
P1506 0.5372 1941.131 914.492 2004.366 881.513 1937.063 752.467 1873.828 785.447
P1506 0.32777 2154.641 864.907 2246.458 819.387 2157.092 639.128 2065.275 684.648
P1506 0.19186 2030.163 861.981 2090.095 830.655 2023.89 703.991 1963.957 735.318
P1506 0.14816 2890.252 1015.951 2847.263 885.482 2782.473 906.83 2825.462 1037.299
P1506 0.04489 2014.349 873.455 2076.043 842.691 2014.549 719.37 1952.855 750.134
P1506 0.01604 1913.991 927.974 1985.942 889.568 1916.636 759.727 1844.685 798.133
P1506 0.00731 2068.092 835.584 2127.592 794.855 2052.16 684.658 1992.66 725.386
P1506 0.0018 622.619 290.741 646.074 266.384 619.293 240.595 595.838 264.951
P1506 0.00106 2129.131 789.246 2204.138 736.656 2123.428 621.543 2048.421 674.132
P2181 0.01084 1339.756 2308.749 1342.281 2278.701 1281.087 2273.559 1278.562 2303.606
P2286 0.01833 1773.531 282.332 1772.753 258.268 1733.548 259.535 1734.326 283.599
P2286 0.01145 321.14 202.848 333.717 178.213 305.766 163.943 293.189 188.578
P2286 0.00648 1992.752 437.373 2009.767 417.676 1971.666 384.765 1954.652 404.462
P2286 0.00602 1980.771 457.519 1995.478 440.883 1964.639 413.621 1949.932 430.256
P2286 0.00417 298.164 166.983 322.46 140.278 289.511 110.301 265.215 137.007
P2286 0.00278 1834.192 298.898 1842.051 279.58 1800.24 262.569 1792.381 281.887
P2286 0.00186 249.927 554.682 252.888 521.652 237.582 520.28 234.621 553.31
P2286 0.00147 205.402 593.307 226.188 566.599 210.74 554.576 189.954 581.284
P2286 0.00143 1914.556 1008.819 1917.087 977.096 1885.052 974.54 1882.521 1006.263
P2570 0.00404 2.347 589.071 28.981 588.036 23.793 454.588 -2.841 455.624
P2570 0.0011 50.703 589.164 59.738 404.189 -50.703 398.794 -59.738 583.769
P1463 0.94032 751.493 1846.524 793.545 1760.602 631.671 1681.378 589.619 1767.3
P1463 0.94006 691.198 1975.455 733.427 1890.664 561.016 1804.798 518.787 1889.589
P1463 0.89006 2928.428 2834.551 2990.12 2707.12 2926.165 2676.157 2864.472 2803.588
P1463 0.88677 829.978 1725.483 887.863 1597.528 808.528 1561.638 750.643 1689.593
P1463 0.86696 717.75 1666.512 774.011 1536.825 694.366 1502.273 638.105 1631.96
P1463 0.85973 2850.883 2787.371 2908.065 2666.05 2843.229 2635.49 2786.047 2756.812
P1463 0.5673 2675.155 2703.65 2728.769 2585.246 2663.234 2555.572 2609.621 2673.975
P1463 0.43598 2757.854 2746.876 2816.909 2618.272 2746.516 2585.948 2687.461 2714.552
P1463 0.38492 794.5 1491.948 851.578 1358.836 769.677 1323.718 712.6 1456.83
P1463 0.10882 920.715 1549.899 971.065 1418.415 884.757 1385.365 834.407 1516.849
P1463 0.00641 984.558 1383.768 1063.488 1195.688 959.881 1152.207 880.951 1340.288
P0194 0.96817 433.944 452.329 438.346 279.389 355.234 277.274 350.831 450.213
P0194 0.96732 547.639 733.971 551.113 563.238 469.79 561.583 466.316 732.316
P0194 0.9657 690.28 737.801 694.741 565.716 613.45 563.609 608.989 735.694
P0194 0.96498 699.82 459.168 704.888 286.762 621.667 284.316 616.599 456.722
P0194 0.96339 813.303 739.82 816.628 569.414 735.815 567.837 732.49 738.244
P0194 0.96338 554.727 455.245 559.998 283.571 477.892 281.049 472.62 452.724
P0194 0.96132 424.464 731.403 428.102 558.857 346.639 557.139 343.001 729.686
P0194 0.95975 820.835 462.14 828.268 289.413 743.587 285.769 736.154 458.496
P0131 0.93619 379.188 362.416 378.518 279.642 335.203 279.992 335.873 362.767
P0131 0.91846 409.218 360.668 451.86 359.061 448.839 278.871 406.196 280.477
P0131 0.9174 628.72 357.729 670.176 356.791 668.328 275.102 626.872 276.04
P0131 0.91361 525.07 358.669 524.206 276.708 480.524 277.169 481.388 359.13
P0131 0.90949 599.58 359.955 598.828 272.767 555.656 273.14 556.408 360.327
P0131 0.90363 702.728 356.495 744.446 354.349 740.283 273.418 698.565 275.563
P0131 0.04351 734.26 365.845 755.688 318.728 707.285 296.715 685.857 343.832
P0131 0.00807 915.268 372.432 915.288 270.679 853.068 270.667 853.048 372.42
P2393 0.00186 110.396 146.164 125.336 140.96 117.111 117.348 102.172 122.552
P2393 0.00177 810.818 64.798 811.602 16.551 779.634 16.031 778.849 64.279
P2393 0.00106 827.916 69.369 829.196 14.001 804.792 13.437 803.511 68.805
P1973 0.00836 741.445 1713.298 740.825 1643.875 530.623 1645.753 531.243 1715.176
P0770 0.95414 753.575 319.455 795.548 236.549 757.046 217.057 715.074 299.963
P0770 0.95281 998.456 441.656 1040.921 357.494 1000.835 337.268 958.37 421.43
P0770 0.95205 876.403 379.875 917.488 296.676 877.946 277.15 836.862 360.349
P0770 0.95005 351.992 590.525 387.592 506.547 347.04 489.357 311.441 573.334
P0770 0.9495 693.187 289.13 734.906 207.975 695.867 187.906 654.148 269.061
P0770 0.94929 814.19 349.428 857.195 267.668 818.343 247.232 775.338 328.992
P0770 0.94818 938.086 410.139 979.286 327.152 939.189 307.245 897.989 390.232
P0770 0.92754 496.15 247.649 533.333 165.501 493.654 147.541 456.471 229.689
P0770 0.92385 311.652 648.551 327.487 610.005 243.364 575.447 227.529 613.992
P0770 0.01004 302.484 537.749 311.494 492.915 285.76 487.743 276.75 532.577
P0770 0.00234 1461.12 11.007 1461.1 -3.424 1428.855 -3.379 1428.875 11.052
P0770 0.0016 1491.227 11.573 1492.045 -1.116 1460.801 -3.128 1459.984 9.561
P0770 0.00127 1411.579 20.068 1413.519 -3.054 1352.437 -8.18 1350.496 14.941
P0770 0.00124 1224.793 791.086 1261.871 705.909 1139.829 652.783 1102.75 737.96
P0770 0.00115 1413.019 15.944 1414.617 -0.303 1384.691 -3.247 1383.092 13.0
P0770 0.00101 1471.025 10.042 1471.762 -1.197 1449.851 -2.634 1449.113 8.605
P2577 0.96661 471.718 714.677 556.025 654.355 429.599 477.661 345.292 537.983
P2577 0.96319 643.956 598.549 729.77 540.307 608.445 361.547 522.632 419.79
P2577 0.96213 1075.384 567.979 1161.654 507.908 1036.771 328.559 950.5 388.63
P2577 0.96164 787.487 502.534 869.786 443.42 742.022 265.546 659.723 324.66
P2577 0.95842 335.382 805.938 418.563 749.165 298.121 572.7 214.94 629.474
P2577 0.95291 504.445 341.755 680.606 216.718 619.914 131.21 443.752 256.247
P2577 0.95283 1219.229 471.58 1303.009 412.51 1175.453 231.595 1091.673 290.665
P2577 0.0033 941.603 817.524 1016.14 768.755 921.56 624.203 847.023 672.972
P2577 0.00226 407.279 34.036 406.716 -17.2 269.963 -15.697 270.527 35.54
P0150 0.94066 503.838 223.901 527.019 182.642 506.336 171.022 483.155 212.28
P2167 0.0049 409.292 742.105 410.05 714.899 383.211 714.151 382.452 741.357
P2169 0.01783 188.091 16.877 187.898 6.624 174.97 6.867 175.163 17.12
P2169 0.00839 180.592 16.218 180.835 6.413 164.996 6.021 164.753 15.826
P2169 0.00323 177.745 34.25 178.328 20.948 165.054 20.366 164.471 33.668
P2169 0.00242 184.708 33.021 184.851 20.364 171.715 20.216 171.572 32.873
P1101 0.97033 196.704 355.249 265.528 195.586 188.053 162.19 119.229 321.853
P1101 0.96566 371.629 436.061 441.882 275.202 364.626 241.462 294.373 402.321
P1101 0.963 98.099 315.603 170.369 153.094 90.427 117.543 18.157 280.052
P1101 0.96214 468.385 478.894 538.6 319.308 461.114 285.216 390.9 444.802
P1101 0.96088 636.987 553.911 706.945 392.922 628.366 358.775 558.408 519.765
P1101 0.9591 735.243 597.241 806.546 436.119 728.642 401.644 657.34 562.766
P2363 0.07142 555.666 1872.717 588.374 1837.371 569.643 1820.037 536.934 1855.383
P2363 0.01456 535.244 1863.61 566.622 1827.333 550.884 1813.721 519.507 1849.998
P2363 0.0036 512.589 1856.574 545.2 1824.349 534.221 1813.238 501.61 1845.464
P2363 0.00112 518.806 1889.159 530.869 1877.117 508.531 1854.739 496.468 1866.782
P2598 0.96082 350.733 1747.531 361.891 1531.328 258.083 1525.971 246.925 1742.173
P2598 0.95746 625.547 1592.196 636.508 1370.426 528.418 1365.084 517.458 1586.854
P2598 0.95216 776.873 1593.892 787.143 1380.702 684.533 1375.759 674.262 1588.948
P2598 0.08423 686.166 1791.335 695.634 1692.181 644.737 1687.32 635.268 1786.475
P2598 0.04319 515.363 1778.673 520.876 1691.365 471.729 1688.262 466.216 1775.57
P2598 0.00453 643.205 1790.609 651.311 1692.884 532.784 1683.053 524.678 1780.778
P2598 0.00282 713.954 1794.221 721.82 1691.531 670.459 1687.597 662.593 1790.287
P2598 0.00159 557.373 1781.608 563.349 1692.353 475.15 1686.448 469.174 1775.703
P2598 0.00116 100.064 21.884 98.374 -5.103 10.416 0.406 12.106 27.393
P1905 0.96895 514.906 230.493 543.588 194.615 467.115 133.481 438.434 169.359
P1905 0.96725 443.094 321.749 471.525 285.948 395.179 225.318 366.748 261.119
P1905 0.96374 406.153 367.322 434.561 332.128 359.81 271.789 331.402 306.983
P1905 0.96196 631.289 319.89 659.398 283.524 583.039 224.503 554.931 260.868
P1905 0.961 558.892 411.017 586.523 375.81 510.833 316.408 483.202 351.615
P1905 0.96089 479.659 275.25 507.576 239.533 431.336 179.943 403.419 215.661
P1905 0.96056 523.788 457.592 551.496 422.215 476.504 363.481 448.797 398.858
P1905 0.95981 327.646 230.769 355.586 195.461 279.481 135.239 251.542 170.547
P1905 0.95977 595.167 365.432 622.992 329.84 547.2 270.59 519.376 306.182
P1905 0.95772 399.841 138.978 428.314 103.412 352.906 43.044 324.433 78.611
P1905 0.95395 362.3 184.635 390.866 148.082 313.968 87.986 285.402 124.539
P1905 0.94993 291.366 277.077 319.15 241.261 242.551 181.839 214.767 217.655
P1860 0.00465 314.692 1750.261 325.346 1692.982 249.207 1678.82 238.553 1736.098
P0374 0.02622 -4.59 31.228 42.686 8.26 32.567 -12.57 -14.71 10.398
P0374 0.00772 11.762 20.912 50.511 5.408 43.925 -11.052 5.176 4.452
P0374 0.00747 10.223 47.421 49.08 -1.676 25.098 -20.656 -13.758 28.441
P0374 0.00704 41.662 1207.573 42.348 1096.593 -14.315 1096.243 -15.001 1207.223
P0374 0.00324 23.517 53.643 69.668 -18.471 14.708 -53.643 -31.443 18.471
P0374 0.00292 27.785 49.813 84.572 16.419 59.965 -25.424 3.178 7.971
P0374 0.00177 24.824 84.558 49.518 -15.825 8.614 -25.887 -16.08 74.496
P0374 0.0012 38.848 45.709 47.686 -36.394 -38.848 -45.709 -47.686 36.394
P0374 0.00101 51.611 1209.621 50.087 1183.242 3.678 1185.924 5.203 1212.303
P0352 0.96659 429.194 480.944 504.518 426.258 389.375 267.663 314.051 322.349
P0352 0.96471 630.898 335.922 705.31 282.249 590.06 122.464 515.648 176.136
P0352 0.96273 721.809 268.612 795.093 215.48 681.231 58.431 607.946 111.563
P0352 0.96134 338.342 546.976 413.124 492.525 298.023 334.449 223.241 388.9
P0352 0.95923 523.36 413.785 598.472 359.148 480.982 197.628 405.869 252.265
P0217 0.00514 834.309 44.405 840.172 -18.048 756.997 -25.858 751.134 36.595
P0217 0.00287 785.845 53.631 817.476 15.376 762.545 -30.043 730.914 8.211
P0217 0.00252 872.201 43.617 873.961 -32.688 772.405 -35.031 770.645 41.275
P0904 0.9701 717.591 568.129 726.714 358.547 626.498 354.185 617.376 563.767
P0904 0.96662 476.542 555.923 485.676 347.211 385.488 342.827 376.355 551.539
P0904 0.96652 234.546 544.72 243.273 335.028 142.283 330.825 133.556 540.517
P0904 0.96564 598.25 563.627 606.998 353.135 506.572 348.961 497.824 559.453
P0904 0.96428 349.366 550.289 357.611 340.439 258.449 336.543 250.203 546.393
P0904 0.0034 351.184 128.644 353.944 -4.625 257.242 -6.627 254.482 126.641
P0904 0.00158 31.763 155.657 32.595 -0.715 2.28 -0.876 1.449 155.496
P2374 0.00695 1532.843 817.141 1549.159 795.815 1497.438 756.245 1481.122 777.571
P2374 0.00135 744.564 1568.391 764.612 1540.821 739.751 1522.743 719.703 1550.313
P2733 0.03585 1236.04 2594.631 1259.644 2577.21 1224.931 2530.178 1201.327 2547.599
P2733 0.02138 291.846 2618.874 301.532 2585.503 247.905 2569.938 238.22 2603.309
P2733 0.01441 374.354 2563.431 395.055 2549.069 362.968 2502.818 342.267 2517.18
P2733 0.00832 348.167 2584.989 367.771 2571.509 333.321 2521.409 313.716 2534.889
P2733 0.00504 298.564 2619.759 315.618 2588.292 255.001 2555.439 237.947 2586.905
P2733 0.00177 367.836 2571.371 389.92 2556.567 358.604 2509.853 336.52 2524.657
P2733 0.00127 352.953 2573.93 372.392 2559.944 338.118 2512.309 318.68 2526.295
P1569 0.00336 3229.476 3836.703 3242.223 3814.748 3202.778 3791.847 3190.031 3813.802
P2351 0.00119 994.736 659.776 1016.284 648.234 1005.915 628.875 984.367 640.417
P1434 0.0012 2043.759 1933.093 2043.886 1872.896 1899.718 1872.592 1899.591 1932.789
P0791 0.95958 754.134 784.817 886.917 666.725 830.944 603.788 698.16 721.881
P0791 0.95954 405.024 394.634 537.02 274.99 481.209 213.417 349.213 333.06
P0791 0.95904 578.44 591.189 712.094 472.414 656.341 409.677 522.687 528.452
P0791 0.95887 929.718 981.628 1061.812 862.715 1006.981 801.806 874.887 920.718
P0791 0.95744 842.575 887.298 976.338 766.309 917.604 701.374 783.841 822.363
P0791 0.9519 491.367 492.541 624.812 373.243 568.322 310.055 434.878 429.354
P0791 0.94798 664.492 689.012 799.669 568.538 743.66 505.695 608.484 626.169
P1189 0.96528 476.578 394.456 478.935 301.222 433.591 300.075 431.234 393.31
P1189 0.96385 406.265 393.679 408.756 299.676 363.309 298.471 360.818 392.474
P1189 0.96321 509.751 537.319 512.109 443.26 466.396 442.114 464.038 536.173
P1189 0.96234 374.701 251.292 377.081 157.098 330.311 155.916 327.931 250.111
P1189 0.96146 580.42 538.845 582.975 445.675 537.44 444.426 534.885 537.597
P1189 0.96006 336.605 391.806 338.347 299.047 291.666 298.17 289.923 390.929
P1189 0.95839 438.728 535.839 440.78 442.663 395.604 441.668 393.552 534.844
P1189 0.95643 303.456 249.419 305.202 155.654 258.915 154.792 257.168 248.557
P1189 0.95632 231.287 248.295 233.661 154.9 189.204 153.77 186.83 247.165
P1384 0.01285 891.662 5184.693 895.912 5150.974 872.87 5148.07 868.621 5181.79
P1384 0.00828 807.651 5558.824 812.475 5513.08 781.287 5509.79 776.462 5555.534
P1384 0.00658 1591.031 422.05 1604.342 256.681 1501.425 248.397 1488.114 413.766
P1384 0.00646 2217.771 271.796 2235.613 185.576 2162.602 170.468 2144.76 256.688
P1384 0.00455 2381.585 5461.141 2383.643 5432.844 2325.31 5428.6 2323.251 5456.897
P1384 0.00373 690.549 5562.556 693.201 5519.111 653.625 5516.695 650.972 5560.14
P1384 0.00265 1555.085 2068.8 1566.294 2006.422 1523.077 1998.656 1511.868 2061.034
P1384 0.00255 709.407 5513.037 715.451 5461.622 671.678 5456.476 665.634 5507.891
P1384 0.00255 701.254 5569.28 708.751 5524.168 670.485 5517.81 662.989 5562.922
P0990 0.05068 201.749 2216.368 232.548 2199.717 215.178 2167.587 184.379 2184.238
P0990 0.00361 184.116 2221.65 222.361 2199.916 203.8 2167.254 165.555 2188.988
P0990 0.00277 201.017 2205.208 234.86 2187.345 212.518 2145.014 178.674 2162.877
P1179 0.00372 3793.539 2425.079 3814.157 2365.559 3747.846 2342.588 3727.228 2402.109
P2541 0.01412 1493.622 1633.758 1491.964 1600.42 1466.546 1601.684 1468.204 1635.022
P2541 0.0031 1753.168 1508.998 1753.029 1449.872 1718.011 1449.955 1718.151 1509.08
P2541 0.00296 1510.609 1583.909 1509.419 1555.569 1469.913 1557.227 1471.102 1585.567
P2541 0.00184 1672.722 1491.292 1671.123 1443.286 1654.142 1443.852 1655.741 1491.857
P2541 0.00161 1503.084 2443.892 1504.301 2398.053 1471.119 2397.171 1469.901 2443.011
P2541 0.00119 2100.412 1046.477 2102.549 1009.198 2083.554 1008.109 2081.418 1045.388
P2337 0.00186 31.104 411.948 33.296 371.164 3.407 369.558 1.215 410.342
P0237 0.965 573.941 374.363 663.243 362.192 638.003 177.006 548.7 189.178
P0237 0.9628 449.572 728.04 540.133 714.539 511.693 523.769 421.132 537.27
P0237 0.96235 456.905 394.356 546.587 381.128 518.424 190.2 428.742 203.429
P0237 0.96192 205.379 430.327 295.729 417.997 269.837 228.279 179.487 240.609
P0237 0.95992 561.911 707.916 651.068 695.297 624.352 506.535 535.195 519.154
P0237 0.95982 341.845 410.47 431.488 397.785 404.808 209.243 315.165 221.929
P0237 0.95883 220.411 755.626 308.183 743.579 282.613 557.274 194.84 569.321
P0237 0.95627 336.459 744.717 427.897 731.191 399.694 540.535 308.256 554.061
P2450 0.01239 84.248 357.757 100.38 354.977 95.567 327.05 79.435 329.83
P2450 0.00893 1292.844 841.059 1298.173 814.441 1285.078 811.819 1279.748 838.437
P2450 0.00161 69.232 355.657 83.845 353.199 79.905 329.779 65.293 332.237
P2450 0.00112 997.622 412.409 1008.995 398.385 979.169 374.198 967.797 388.222
P1601 0.00111 2356.995 2697.076 2385.383 2688.357 2369.182 2635.613 2340.794 2644.333
P1751 0.00116 433.376 2550.534 434.215 2496.092 393.468 2495.464 392.629 2549.906
P1610 0.00155 3998.167 4000.341 3995.644 3944.873 3962.376 3946.386 3964.899 4001.854
P1647 0.00127 1411.984 3001.862 1414.685 2953.686 1365.444 2950.925 1362.743 2999.102
P1566 0.00255 3279.161 3658.245 3300.982 3650.578 3284.44 3603.493 3262.619 3611.159
P1257 0.0056 3888.275 402.603 3922.632 334.089 3895.689 320.579 3861.333 389.093
P1257 0.00498 1533.655 462.11 1599.179 431.141 1584.926 400.984 1519.402 431.953
P1257 0.00389 3876.855 450.361 3893.369 417.749 3852.907 397.259 3836.392 429.871
P1257 0.00389 1596.204 825.436 1656.35 744.444 1632.077 726.418 1571.93 807.41
P1246 0.01326 3967.504 4084.565 4006.125 3816.821 3644.736 3764.692 3606.115 4032.436
P1246 0.0036 3989.711 4039.57 4003.371 3874.077 3749.829 3853.148 3736.169 4018.641
P1246 0.00125 2626.832 1886.984 2652.911 1845.911 2633.432 1833.543 2607.353 1874.617
P2068 0.01397 858.918 32.203 869.299 30.116 862.485 -3.778 852.104 -1.691
P2068 0.00107 863.709 31.711 872.114 13.534 847.303 2.061 838.898 20.238
P2135 0.96645 292.592 270.609 322.926 191.096 278.664 174.211 248.331 253.724
P2135 0.96399 118.551 360.105 148.842 279.19 101.483 261.46 71.191 342.376
P2135 0.96397 230.996 255.956 261.281 176.061 215.323 158.641 185.038 238.535
P2135 0.9625 244.714 389.5 273.791 310.153 228.822 293.673 199.744 373.02
P2135 0.96224 181.732 374.784 211.813 294.714 166.08 277.533 135.999 357.603
P2135 0.96029 168.214 241.723 198.775 161.73 152.146 143.916 121.586 223.909
P1342 0.00378 532.939 2953.291 560.332 2909.483 535.393 2893.89 508.001 2937.697
P1342 0.00369 598.722 1873.897 651.77 1857.552 628.007 1780.424 574.959 1796.768
P1342 0.00339 663.081 1930.063 705.664 1861.459 672.327 1840.767 629.744 1909.371
P1373 0.02478 1774.077 1323.963 1815.81 1307.101 1780.652 1220.086 1738.919 1236.948
P1373 0.01305 1835.356 1301.699 1872.705 1285.684 1836.054 1200.209 1798.705 1216.224
P1373 0.0022 2268.705 2317.975 2300.682 2293.409 2264.783 2246.681 2232.806 2271.247
P0259 0.10278 1389.07 1309.436 1391.284 1274.11 1300.077 1268.394 1297.864 1303.72
P0259 0.00948 1398.404 1270.84 1399.596 1250.405 1342.562 1247.077 1341.37 1267.512
P0259 0.00163 1390.804 1222.527 1392.181 1203.808 1350.714 1200.758 1349.337 1219.477
P0259 0.0015 1742.852 1356.728 1748.065 1282.691 986.442 1229.065 981.229 1303.102
P0259 0.00145 2094.638 1267.627 2107.744 1193.436 2073.821 1187.444 2060.715 1261.635
P0259 0.00137 1744.723 1301.458 1753.481 1171.815 994.374 1120.532 985.616 1250.175
P0259 0.00115 681.291 1637.365 685.747 1595.707 553.228 1581.531 548.772 1623.189
P0259 0.00102 1749.932 1040.166 1782.579 794.142 594.977 636.55 562.33 882.574
P0259 0.00101 1474.67 1326.568 1478.161 1278.484 1346.619 1268.935 1343.129 1317.019
P0385 0.9603 574.264 488.682 658.921 450.797 581.616 278.054 496.959 315.939
P0385 0.949 469.545 533.779 553.228 497.413 478.554 325.575 394.87 361.941
P0385 0.92417 673.618 444.671 760.262 406.696 683.771 232.175 597.128 270.15
P0375 0.96983 719.754 461.535 778.808 393.083 632.205 266.607 573.151 335.059
P0375 0.96967 566.777 635.716 625.267 568.097 478.407 441.063 419.917 508.682
P0375 0.96956 642.079 548.477 700.925 481.027 554.056 352.892 495.21 420.341
P0375 0.96937 411.825 809.762 470.486 743.048 325.208 615.306 266.547 682.021
P0375 0.96738 488.729 722.485 546.869 655.318 401.052 529.101 342.912 596.268
P0375 0.00449 53.508 909.508 92.971 879.398 72.985 853.204 33.523 883.314
P0377 0.97118 323.182 646.622 402.689 598.889 303.012 432.858 223.504 480.591
P0377 0.97069 699.216 425.492 779.588 377.589 681.195 212.501 600.822 260.403
P0377 0.97053 446.754 572.793 525.877 526.441 427.273 358.121 348.15 404.472
P0377 0.96845 195.271 719.761 273.495 673.731 175.961 507.98 97.736 554.011
P0377 0.96704 573.319 499.515 652.151 453.102 554.122 286.599 475.29 333.011
P0673 0.96739 572.968 662.498 646.209 493.481 565.385 458.457 492.144 627.474
P0673 0.96526 351.723 569.481 425.259 399.223 345.03 364.571 271.494 534.83
P0673 0.96296 682.142 709.383 755.692 540.229 674.873 505.088 601.323 674.242
P0673 0.96121 462.347 615.236 535.654 445.283 454.711 410.37 381.405 580.323
P0673 0.0169 1103.368 21.887 1102.582 -6.577 952.451 -2.432 953.237 26.032
P0673 0.00238 1132.92 23.218 1132.166 -0.823 1053.319 1.649 1054.073 25.691
P2582 0.95031 857.137 1499.409 902.699 1399.174 857.618 1378.682 812.055 1478.916
P2582 0.94827 1073.105 1407.979 1112.883 1308.682 1066.523 1290.111 1026.745 1389.408
P2582 0.94439 1265.906 1488.87 1307.682 1392.524 1261.845 1372.648 1220.069 1468.994
P2582 0.94423 932.498 1529.531 974.256 1432.571 928.168 1412.722 886.41 1509.682
P2582 0.94345 1077.688 1589.291 1117.656 1490.484 1070.837 1471.545 1030.869 1570.353
P2582 0.9431 1160.153 1626.562 1202.233 1525.423 1152.564 1504.758 1110.484 1605.896
P2582 0.94145 925.273 1346.521 967.189 1253.237 923.445 1233.581 881.529 1326.865
P2582 0.94 1005.559 1560.999 1047.47 1460.688 1000.135 1440.912 958.225 1541.223
P2582 0.93687 999.322 1378.026 1039.392 1280.868 991.581 1261.15 951.511 1358.308
P2582 0.92635 1232.468 1650.962 1270.365 1551.62 1224.927 1534.286 1187.029 1633.628
P2582 0.15223 1684.514 433.542 1704.513 390.441 1682.215 380.095 1662.217 423.196
P2582 0.0302 1685.044 431.933 1712.549 365.007 1686.524 354.312 1659.019 421.237
P2582 0.01632 1397.677 200.699 1406.92 175.418 1389.008 168.869 1379.766 194.15
P2599 0.96348 921.939 732.217 948.194 527.975 852.777 515.709 826.521 719.951
P2599 0.96298 286.603 701.66 312.917 499.503 214.961 486.752 188.646 688.91
P2599 0.96278 606.4 693.578 632.51 492.328 537.01 479.938 510.899 681.188
P2599 0.96211 449.594 679.419 478.038 474.204 380.114 460.631 351.671 665.846
P2599 0.96122 648.062 363.374 671.261 157.461 574.179 146.523 550.979 352.437
P2599 0.96096 323.294 380.349 347.185 178.548 249.919 167.033 226.028 368.833
P2599 0.96091 488.831 344.513 515.728 138.207 416.673 125.293 389.776 331.599
P2599 0.95876 810.777 382.606 832.365 174.962 735.098 164.849 713.509 372.494
P2599 0.95768 765.523 716.505 791.443 508.129 694.648 496.089 668.729 704.465
P2599 0.93711 964.276 402.187 985.742 190.048 890.957 180.456 869.49 392.595
P0615 0.00581 689.978 371.148 714.809 354.219 684.175 309.285 659.343 326.215
P1471 0.03343 4046.352 4624.393 4045.671 4478.105 3948.615 4478.558 3949.297 4624.845
P1471 0.00533 4226.462 4614.411 4226.471 4480.856 4100.129 4480.849 4100.121 4614.403
P1471 0.00436 3908.895 4607.909 3906.544 4481.562 3760.025 4484.287 3762.376 4610.635
P1471 0.00263 795.898 2584.766 793.483 2189.17 579.452 2190.476 581.867 2586.072
P1377 0.04813 3635.689 2668.228 3675.257 2602.379 3615.544 2566.498 3575.976 2632.347
P1377 0.02108 3612.095 2687.695 3647.57 2640.258 3592.666 2599.198 3557.191 2646.635
P1377 0.01071 3247.056 3658.239 3251.38 3623.986 3213.262 3619.174 3208.939 3653.427
P1377 0.00715 549.586 233.873 556.468 74.695 463.419 70.672 456.537 229.85
P1377 0.00686 2828.513 3265.072 2845.968 3236.012 2818.411 3219.458 2800.955 3248.518
P1377 0.00538 2398.065 3222.172 2401.446 3183.923 2370.576 3181.194 2367.194 3219.443
P1377 0.00449 2853.544 2881.844 2869.751 2847.027 2826.333 2826.815 2810.126 2861.632
P1377 0.00387 3472.01 3967.004 3500.611 3942.682 3484.46 3923.69 3455.859 3948.012
P1377 0.00381 2775.87 3258.431 2792.833 3234.874 2768.594 3217.419 2751.631 3240.976
P1377 0.00286 379.197 366.174 381.636 303.633 316.318 301.085 313.879 363.626
P1377 0.00236 2388.179 913.217 2518.851 853.237 2483.877 777.043 2353.205 837.022
P1377 0.0015 3684.763 2584.638 3738.752 2508.987 3687.487 2472.401 3633.498 2548.051
P1377 0.00145 2974.49 3191.524 2995.997 3174.716 2968.227 3139.18 2946.719 3155.988
P1377 0.00141 2494.95 3367.936 2504.389 3324.901 2462.327 3315.675 2452.888 3358.71
P1377 0.00139 3386.552 3956.851 3399.462 3934.635 3377.05 3921.611 3364.14 3943.827
P1377 0.00133 3069.555 3376.572 3078.067 3342.271 3045.955 3334.301 3037.442 3368.602
P1377 0.00127 2886.65 2864.275 2894.723 2824.71 2856.027 2816.814 2847.953 2856.379
P1377 0.0012 2239.159 3547.546 2258.329 3511.293 2224.513 3493.412 2205.344 3529.665
P1377 0.00112 3437.105 3865.457 3451.107 3852.901 3431.261 3830.771 3417.259 3843.327
P1377 0.00111 2834.602 3547.099 2842.955 3513.22 2813.269 3505.901 2804.916 3539.78
P1380 0.58888 2765.24 2633.119 2803.739 2608.735 2748.096 2520.884 2709.597 2545.268
P1380 0.5306 2831.493 2593.309 2870.637 2567.843 2816.402 2484.48 2777.258 2509.947
P1380 0.43473 2710.135 2662.418 2748.85 2637.207 2697.698 2558.654 2658.983 2583.864
P1380 0.35865 2864.134 2573.712 2902.511 2547.858 2853.224 2474.698 2814.846 2500.552
P1380 0.16693 3527.339 2721.671 3612.583 2661.998 3580.367 2615.977 3495.123 2675.65
P1380 0.10292 2840.336 2572.998 2878.737 2546.598 2827.451 2472.0 2789.051 2498.4
P1380 0.08916 3461.707 2768.587 3532.712 2717.967 3498.363 2669.787 3427.358 2720.407
P1380 0.04026 3563.05 2870.524 3675.304 2798.239 3643.213 2748.404 3530.959 2820.689
P1380 0.02428 2231.636 1628.385 2280.769 1604.259 2245.459 1532.35 2196.327 1556.476
P1380 0.02279 2271.624 1625.458 2317.089 1604.268 2279.44 1523.489 2233.975 1544.679
P1380 0.01273 3758.296 2807.267 3740.251 2776.873 3685.24 2809.533 3703.285 2839.927
P1380 0.00955 2734.654 2644.789 2779.768 2615.409 2723.086 2528.371 2677.971 2557.75
P1380 0.00852 473.738 3750.199 461.292 3723.314 412.817 3745.753 425.262 3772.638
P1380 0.00776 3510.455 2595.094 3458.724 2508.879 3412.624 2536.54 3464.354 2622.755
P1380 0.00494 2234.161 301.479 2265.571 243.461 2235.976 227.439 2204.566 285.457
P1380 0.00468 3054.651 4461.417 3039.561 4435.455 2983.927 4467.792 2999.017 4493.754
P1380 0.00381 3363.251 2690.361 3446.829 2636.534 3389.17 2547.006 3305.592 2600.832
P1380 0.00376 376.864 3697.751 456.317 3658.453 435.985 3617.347 356.532 3656.646
P1380 0.00352 3517.62 2818.041 3590.724 2768.16 3555.508 2716.549 3482.404 2766.43
P1380 0.00337 3566.351 2762.608 3633.877 2700.561 3600.066 2663.764 3532.54 2725.812
P1380 0.00314 2090.988 3638.823 2174.113 3586.102 2145.443 3540.899 2062.318 3593.62
P1380 0.00229 1997.578 3674.543 2033.75 3654.877 1992.063 3578.202 1955.892 3597.867
P1380 0.00189 2056.978 3763.898 2085.855 3748.679 2055.25 3690.609 2026.373 3705.828
P1380 0.00186 197.768 2672.968 230.708 2655.602 190.545 2579.425 157.606 2596.791
P1380 0.00182 994.363 3980.833 1021.694 3962.261 995.69 3923.992 968.359 3942.564
P1380 0.0017 2104.256 3752.125 2073.86 3693.377 2046.92 3707.316 2077.316 3766.064
P1380 0.0016 1866.7 3525.424 1853.07 3494.105 1830.747 3503.82 1844.377 3535.139
P1380 0.0013 1924.475 3658.497 1959.92 3633.351 1924.852 3583.921 1889.407 3609.067
P1380 0.00117 508.997 3688.837 543.471 3665.833 524.769 3637.808 490.296 3660.812
P1380 0.00105 518.743 3752.393 550.461 3733.573 535.448 3708.272 503.731 3727.091
P1380 0.001 1986.292 3693.262 2024.944 3672.537 1983.731 3595.677 1945.079 3616.402
P2754 0.2852 1222.461 656.38 1251.319 569.298 1203.931 553.594 1175.073 640.676
P2754 0.09988 1196.345 754.055 1219.877 686.507 1182.364 673.439 1158.832 740.986
P2754 0.05771 1153.842 629.958 1180.706 543.464 1135.555 529.441 1108.691 615.934
P2754 0.00694 1100.595 581.174 1116.555 517.687 1070.232 506.042 1054.272 569.529
P2754 0.00385 2176.668 181.701 2180.068 157.976 2157.651 154.763 2154.251 178.488
P2754 0.00332 1134.332 707.943 1149.705 654.276 1104.09 641.21 1088.717 694.877
P2754 0.00313 2181.592 82.009 2186.286 61.629 2162.917 56.247 2158.223 76.627
P2754 0.00282 2183.316 130.372 2186.811 110.103 2164.61 106.276 2161.115 126.544
P2754 0.00204 1085.651 579.281 1099.966 519.042 1038.678 504.478 1024.363 564.717
P2754 0.00203 1249.746 662.774 1274.283 583.188 1235.367 571.19 1210.831 650.776
P2754 0.00201 2515.685 776.329 2521.562 757.312 2501.146 751.003 2495.269 770.02
P2754 0.0016 1086.094 603.318 1100.02 529.338 1055.977 521.048 1042.051 595.028
P2754 0.00159 1048.417 561.541 1058.876 510.472 1009.831 500.428 999.372 551.497
P1960 0.00111 472.91 47.548 478.838 -2.684 331.237 -20.102 325.309 30.13
P0977 0.00356 952.315 2267.83 981.826 2184.774 888.289 2151.538 858.777 2234.595
P0382 0.96367 599.339 855.516 682.491 826.759 620.424 647.289 537.271 676.047
P0382 0.96318 495.891 892.514 579.882 863.304 517.64 684.336 433.649 713.546
P0382 0.96076 292.962 962.008 376.581 932.933 314.424 754.168 230.805 783.243
P0382 0.95704 391.686 925.114 475.655 896.244 414.695 718.938 330.726 747.808
P2488 0.00279 1401.636 101.614 1415.807 95.07 1400.158 61.183 1385.987 67.727
P2488 0.0015 1273.267 2400.396 1306.524 2383.556 1297.439 2365.614 1264.182 2382.455
P2488 0.0013 1281.078 2401.331 1314.29 2384.467 1305.033 2366.238 1271.822 2383.102
P0396 0.96466 509.013 830.643 615.296 673.112 540.655 622.753 434.372 780.284
P0396 0.96356 400.315 759.491 508.15 600.504 434.222 550.361 326.386 709.348
P0396 0.96288 833.836 795.026 949.265 648.673 879.956 594.008 764.527 740.361
P0396 0.96267 344.928 1067.547 450.995 912.027 377.8 862.107 271.733 1017.627
P0396 0.96147 235.337 994.509 344.019 837.114 270.286 786.201 161.604 943.596
P0396 0.96091 564.669 519.478 671.416 361.006 595.873 310.121 489.127 468.593
P0396 0.95803 672.721 593.086 778.682 437.612 704.54 387.081 598.579 542.555
P1376 0.00504 4559.864 2211.913 4640.35 2191.595 4593.181 2004.74 4512.695 2025.058
P1376 0.0012 4305.884 2033.883 4307.868 1989.449 4248.016 1986.776 4246.031 2031.21
P0466 0.96551 727.111 517.972 745.213 331.636 657.88 323.152 639.777 509.488
P0466 0.96516 938.332 748.351 954.767 561.086 865.619 553.262 849.185 740.527
P0466 0.96479 1115.158 1176.981 1130.784 988.335 1041.853 980.969 1026.228 1169.615
P0466 0.96416 1166.208 769.082 1181.07 581.097 1091.813 574.041 1076.951 762.026
P0466 0.96404 614.479 508.359 633.913 323.405 546.416 314.211 526.982 499.165
P0466 0.96336 504.733 498.039 523.18 311.309 433.624 302.461 415.176 489.192
P0466 0.96335 890.668 1155.226 906.483 969.705 817.063 962.082 801.248 1147.603
P0466 0.96228 776.5 1145.004 794.05 959.271 705.099 950.865 687.549 1136.599
P0466 0.96195 477.949 805.069 495.879 614.846 405.619 606.338 387.688 796.561
P0466 0.96193 1002.513 1165.461 1018.382 980.685 929.947 973.09 914.078 1157.866
P0466 0.96168 590.73 812.458 605.871 627.246 516.11 619.908 500.968 805.12
P0466 0.96162 1053.104 757.257 1068.899 573.92 979.214 566.194 963.42 749.531
P0466 0.96141 366.527 790.703 381.853 606.132 294.628 598.889 279.302 783.46
P0466 0.95886 253.672 783.356 272.972 595.707 185.238 586.683 165.938 774.332
P1786 0.93476 2758.766 1989.671 2792.023 1959.954 2726.684 1886.833 2693.427 1916.55
P1786 0.91668 2569.176 2177.988 2605.819 2146.777 2537.024 2066.011 2500.382 2097.222
P1786 0.90888 2657.491 2088.757 2692.424 2057.347 2627.651 1985.311 2592.718 2016.721
P1786 0.89665 2611.769 2134.211 2645.582 2103.751 2580.966 2032.023 2547.153 2062.483
P1786 0.89013 2997.411 2263.928 3031.051 2231.719 2963.192 2160.844 2929.552 2193.052
P1786 0.88887 2771.39 2202.567 2808.12 2168.682 2734.676 2089.073 2697.946 2122.958
P1786 0.88757 2714.154 2034.998 2747.234 2004.203 2680.861 1932.906 2647.782 1963.701
P1786 0.87619 832.75 2977.69 874.347 2961.707 840.522 2873.669 798.924 2889.652
P1786 0.8753 2905.749 2356.616 2942.362 2323.764 2871.352 2244.624 2834.738 2277.476
P1786 0.8712 2670.428 2288.276 2704.182 2258.642 2639.128 2184.542 2605.374 2214.176
P1786 0.84487 2858.908 2394.375 2891.287 2365.627 2822.917 2288.624 2790.539 2317.372
P1786 0.81953 2952.717 2303.343 2983.123 2275.512 2914.141 2200.145 2883.734 2227.975
P1786 0.8022 2869.373 2119.97 2904.31 2088.327 2834.137 2010.848 2799.2 2042.491
P1786 0.7904 2713.858 2250.519 2748.557 2218.97 2679.194 2142.679 2644.494 2174.228
P1786 0.76981 2823.429 2150.79 2856.823 2120.486 2789.785 2046.611 2756.391 2076.915
P1786 0.76555 3097.559 2364.689 3129.679 2333.656 3074.625 2276.674 3042.505 2307.707
P1786 0.75304 948.903 2951.402 995.631 2934.657 959.851 2834.815 913.123 2851.561
P1786 0.73954 3018.149 2473.609 3053.205 2442.154 2983.895 2364.91 2948.839 2396.366
P1786 0.73109 2806.132 2436.262 2841.659 2405.302 2777.482 2331.658 2741.955 2362.618
P1786 0.67885 888.96 2957.952 929.089 2943.009 896.781 2856.245 856.652 2871.188
P1786 0.6123 3101.96 2398.016 3144.818 2358.334 3090.19 2299.334 3047.332 2339.017
P1786 0.59599 3062.262 2427.904 3096.871 2396.678 3028.662 2321.076 2994.052 2352.302
P1786 0.47686 2918.64 2561.266 2956.671 2525.118 2881.5 2446.032 2843.469 2482.18
P1786 0.3411 2970.803 2509.986 3004.389 2478.828 2937.485 2406.712 2903.899 2437.871
P1786 0.08528 959.791 3032.223 987.936 3020.462 963.499 2961.982 935.354 2973.743
P1786 0.0816 3064.742 2402.902 3097.648 2372.614 3038.767 2308.641 3005.86 2338.929
P1786 0.05013 930.737 2944.37 977.05 2926.335 941.729 2835.633 895.416 2853.668
P1786 0.03843 925.567 3048.364 956.414 3032.406 926.753 2975.071 895.907 2991.028
P1786 0.0142 2739.272 2017.32 2766.711 1990.927 2693.195 1914.5 2665.756 1940.893
P1786 0.0102 2702.32 2054.539 2733.645 2025.894 2663.695 1949.397 2632.369 1978.042
P1786 0.00921 2844.31 2137.369 2872.741 2110.672 2804.925 2038.448 2776.493 2065.145
P1786 0.00874 1582.867 1295.687 1617.064 1262.363 1560.105 1203.913 1525.909 1237.237
P1786 0.00693 2782.113 2193.749 2820.433 2158.051 2742.131 2073.998 2703.812 2109.696
P1786 0.00304 2954.715 2523.27 2991.088 2489.395 2917.383 2410.254 2881.01 2444.129
P1786 0.00243 884.845 3089.895 908.324 3071.101 860.492 3011.345 837.013 3030.139
P1786 0.00236 961.185 2985.964 997.071 2971.98 960.119 2877.154 924.234 2891.138
P1786 0.00202 879.271 3066.55 910.123 3050.825 875.271 2982.443 844.419 2998.168
P1786 0.00152 3051.003 2440.889 3085.004 2408.339 3003.166 2322.852 2969.165 2355.403
P1786 0.00146 2689.961 2267.839 2723.698 2236.962 2655.341 2162.274 2621.604 2193.152
P1786 0.00144 927.795 3267.823 932.969 3220.946 886.324 3215.798 881.149 3262.675
P1786 0.00119 962.854 3016.713 997.906 3004.051 976.155 2943.837 941.103 2956.499
P1786 0.00113 2845.036 2409.328 2879.056 2377.16 2801.873 2295.532 2767.853 2327.699
P1786 0.00109 1007.26 2905.662 1036.276 2892.435 1004.451 2822.619 975.435 2835.846
P1786 0.00107 903.476 3073.467 925.618 3056.584 887.488 3006.576 865.346 3023.459
P2394 0.01607 586.454 1084.151 587.726 1065.78 576.034 1064.97 574.762 1083.341
P2394 0.01395 784.077 1724.648 785.829 1706.207 773.537 1705.039 771.784 1723.48
P2394 0.00292 764.693 1692.984 765.854 1680.562 749.268 1679.012 748.107 1691.435
P2394 0.00285 762.23 1720.53 764.937 1701.576 741.12 1698.174 738.413 1717.128
P2394 0.00274 544.322 1069.241 547.445 1047.903 534.709 1046.039 531.586 1067.377
P2394 0.00273 623.591 946.155 629.76 918.42 616.88 915.555 610.711 943.29
P2394 0.0024 547.869 1088.077 549.506 1069.403 536.662 1068.277 535.025 1086.951
P2394 0.00177 1239.624 470.799 1254.075 462.997 1241.622 439.932 1227.171 447.734
P2394 0.00159 473.124 1519.811 476.054 1497.719 449.146 1494.151 446.216 1516.243
P2394 0.00157 578.806 1124.746 581.317 1101.031 563.034 1099.095 560.523 1122.811
P2394 0.00157 1263.654 457.891 1278.533 448.418 1260.516 420.121 1245.637 429.595
P2394 0.00153 774.773 1724.537 777.564 1702.208 752.56 1699.082 749.768 1721.411
P2394 0.00148 77.872 1286.183 84.102 1269.535 64.576 1262.229 58.346 1278.877
P2394 0.00145 431.305 419.42 439.058 402.986 406.854 387.794 399.101 404.228
P2394 0.00142 1209.52 500.909 1234.577 478.481 1221.515 463.888 1196.458 486.317
P2394 0.00131 571.912 1093.786 572.544 1074.452 560.982 1074.074 560.35 1093.408
P2394 0.00125 578.951 1148.462 584.839 1115.098 565.801 1111.738 559.913 1145.102
P2394 0.00112 468.589 1508.463 472.154 1489.851 451.228 1485.842 447.663 1504.454
P2394 0.00111 70.094 1709.101 63.978 1683.335 49.752 1686.712 55.868 1712.478
P0198 0.9608 950.823 959.587 953.319 790.848 870.461 789.622 867.965 958.361
P0198 0.95562 731.386 672.007 811.602 671.671 810.887 500.654 730.671 500.989
P0198 0.9535 504.844 956.085 505.273 787.349 427.14 787.15 426.71 955.887
P0198 0.95316 732.21 389.887 809.402 389.998 809.641 223.783 732.449 223.672
P0198 0.95301 562.148 672.492 643.001 672.453 642.917 501.468 562.064 501.508
P0198 0.94884 950.258 670.463 953.162 504.146 870.764 502.707 867.861 669.024
P0198 0.94877 810.245 958.854 812.302 789.357 732.671 788.39 730.614 957.887
P0198 0.9457 639.702 960.197 641.63 790.555 563.879 789.671 561.951 959.313
P0198 0.94274 229.578 469.752 311.075 469.425 310.393 299.427 228.896 299.754
P0198 0.94263 562.839 390.883 641.969 391.425 643.128 222.202 563.998 221.66
P0198 0.94231 504.927 1237.787 506.891 1074.163 428.297 1073.219 426.333 1236.844
P0198 0.94199 264.433 1098.089 266.807 928.991 183.833 927.826 181.459 1096.924
P0198 0.94196 950.863 391.135 953.423 225.39 872.658 224.142 870.098 389.888
P0198 0.94062 424.672 671.909 506.261 672.483 507.464 501.489 425.875 500.915
P0198 0.93967 213.28 473.42 215.222 299.038 136.993 298.167 135.051 472.549
P0198 0.93903 949.414 1234.071 951.936 1073.064 870.909 1071.795 868.387 1232.802
P0198 0.91566 730.466 1237.299 811.71 1237.196 811.495 1068.759 730.251 1068.862
P0198 0.91542 425.81 392.342 503.362 392.213 503.072 218.003 425.52 218.132
P0198 0.91384 640.463 1237.015 640.996 1070.117 562.539 1069.866 562.006 1236.764
P1410 0.2163 1009.528 2762.58 1008.32 2676.188 967.674 2676.756 968.883 2763.148
P1410 0.14999 943.138 2772.751 941.0 2693.522 902.481 2694.561 904.62 2773.79
P1410 0.09747 1074.11 2756.93 1074.243 2668.781 1030.683 2668.715 1030.551 2756.865
P1410 0.07438 2045.884 2728.35 2046.778 2627.96 2006.097 2627.598 2005.204 2727.989
P1410 0.06147 815.577 2787.471 815.355 2712.31 779.832 2712.415 780.055 2787.576
P1410 0.0273 877.761 2780.566 874.193 2702.19 837.814 2703.846 841.382 2782.222
P1410 0.01152 568.219 1852.85 571.234 1793.237 523.515 1790.823 520.5 1850.436
P1410 0.01034 2301.366 2774.166 2304.465 2698.431 2238.528 2695.733 2235.429 2771.467
P1410 0.00581 657.826 1861.824 659.601 1817.842 608.125 1815.765 606.35 1859.746
P1410 0.00314 490.237 1851.247 495.932 1806.122 457.989 1801.333 452.293 1846.458
P1410 0.00277 812.564 2809.996 810.527 2729.637 767.953 2730.717 769.991 2811.076
P1410 0.0022 2140.138 2689.885 2142.402 2617.805 2099.073 2616.444 2096.809 2688.524
P1410 0.00128 632.441 1684.346 640.321 1647.258 588.869 1636.326 580.988 1673.413
P1410 0.00127 2487.926 4083.395 2488.944 4027.154 2453.593 4026.514 2452.574 4082.756
P1410 0.00117 2488.539 4148.794 2489.179 4096.366 2453.883 4095.935 2453.243 4148.364
P0175 0.97012 179.004 734.497 260.228 733.9 258.981 564.295 177.757 564.892
P0175 0.9677 307.999 734.038 390.351 734.078 390.433 563.435 308.081 563.396
P0175 0.96697 438.936 732.433 522.098 731.639 520.481 562.378 437.32 563.172
P0175 0.96566 306.824 475.053 387.794 474.545 386.714 302.351 305.744 302.859
P0175 0.96477 176.668 475.649 256.594 475.568 256.419 303.306 176.493 303.387
P0175 0.96255 743.701 602.467 826.794 601.945 825.712 429.501 742.619 430.022
P0175 0.96145 436.741 476.595 517.423 476.215 516.602 301.889 435.92 302.269
P0175 0.95657 615.366 862.539 696.956 862.427 696.72 690.735 615.13 690.847
P0175 0.95632 745.977 863.585 827.699 863.13 826.735 689.947 745.013 690.402
P0175 0.95611 614.463 604.01 696.127 603.672 695.412 431.022 613.749 431.36
P0206 0.96641 916.585 997.949 920.033 824.848 838.642 823.227 835.195 996.328
P0206 0.96463 293.709 709.079 295.978 538.835 214.998 537.755 212.728 707.999
P0206 0.96459 810.791 996.575 814.433 823.347 732.917 821.633 729.275 994.861
P0206 0.96431 543.969 714.118 547.678 542.432 466.74 540.684 463.031 712.369
P0206 0.96193 423.509 711.393 426.096 540.015 344.151 538.778 341.564 710.156
P0206 0.96144 666.608 715.398 668.491 546.444 587.674 545.544 585.791 714.498
P0206 0.95967 788.229 717.648 791.469 546.429 709.218 544.872 705.977 716.091
P0206 0.95886 806.75 1265.513 809.483 1092.266 730.036 1091.012 727.303 1264.26
P0206 0.95284 917.655 718.272 919.504 547.459 838.861 546.586 837.012 717.399
P0206 0.93414 913.401 1265.842 913.175 1094.812 833.885 1094.917 834.111 1265.947
P0499 0.97196 618.561 786.427 682.434 719.071 539.247 583.291 475.375 650.647
P0499 0.97137 702.637 694.949 766.267 627.905 624.951 493.786 561.321 560.83
P0499 0.97037 365.169 1053.665 428.122 987.202 286.889 853.425 223.935 919.888
P0499 0.96929 534.009 876.116 597.252 809.181 454.139 673.962 390.897 740.897
P0499 0.96659 789.049 606.39 851.802 540.454 709.026 404.571 646.273 470.507
P0499 0.95706 448.363 964.544 510.515 899.505 369.762 765.0 307.61 830.039
P2446 0.00113 1514.057 1652.798 1513.724 1633.798 1480.962 1634.374 1481.296 1653.373
P1099 0.9716 478.699 662.665 559.967 647.397 527.925 476.841 446.657 492.109
P1099 0.96793 349.956 687.397 431.159 672.065 398.911 501.267 317.708 516.599
P1099 0.96198 398.116 942.966 477.932 928.349 446.455 756.467 366.639 771.084
P1099 0.96165 170.64 452.019 252.776 436.826 221.017 265.128 138.881 280.32
P1099 0.96098 526.694 917.752 606.89 903.882 577.664 734.904 497.468 748.775
P1099 0.96083 629.609 632.726 713.792 616.739 681.646 447.459 597.462 463.446
P1099 0.96022 676.833 890.474 758.596 876.236 728.579 703.864 646.815 718.102
P2462 0.00836 589.075 1430.818 599.671 1395.349 582.995 1390.367 572.399 1425.836
P2462 0.00195 1786.232 40.17 1805.326 0.045 1782.114 -11.001 1763.019 29.123
P2539 0.04028 301.141 104.863 301.597 74.308 282.723 74.026 282.267 104.581
P2539 0.01266 310.448 105.863 310.908 76.273 293.328 75.999 292.867 105.589
P2539 0.01246 268.483 139.885 270.085 93.509 245.936 92.675 244.334 139.051
P2539 0.00645 1650.846 1159.462 1674.989 1135.737 1662.057 1122.576 1637.913 1146.302
P2539 0.00563 271.757 160.275 272.919 125.582 253.281 124.924 252.118 159.617
P2539 0.00438 300.198 136.359 300.547 118.16 281.508 117.795 281.16 135.994
P2539 0.00246 450.649 347.472 450.285 328.523 439.482 328.731 439.846 347.68
P2539 0.00213 313.047 141.61 313.979 117.04 301.533 116.567 300.601 141.138
P2539 0.00122 192.212 101.886 192.89 84.269 174.931 83.578 174.253 101.195
P2539 0.00109 237.722 452.066 239.06 430.473 206.712 428.469 205.374 450.061
P2539 0.00108 254.804 205.485 255.406 187.753 240.514 187.247 239.911 204.979
P2542 0.20962 935.026 209.236 960.678 203.097 949.035 154.447 923.384 160.586
P2542 0.11357 1212.302 1795.588 1210.907 1752.375 1185.534 1753.194 1186.929 1796.407
P2542 0.09312 914.411 149.593 948.373 138.712 935.023 97.044 901.061 107.926
P2542 0.08402 911.857 208.424 938.679 201.645 926.916 155.103 900.094 161.882
P2542 0.06577 923.916 142.709 958.018 126.84 941.162 90.614 907.059 106.482
P2542 0.0623 1174.743 1759.604 1179.295 1719.025 1154.125 1716.201 1149.573 1756.781
P2542 0.0323 1235.878 1808.977 1234.679 1773.952 1214.018 1774.66 1215.217 1809.684
P2542 0.03124 1176.635 1802.068 1183.062 1758.456 1153.406 1754.086 1146.979 1797.698
P2542 0.0272 1007.306 103.743 1052.939 88.194 1043.109 59.347 997.477 74.896
P2542 0.01712 1129.874 1757.061 1152.716 1752.127 1141.91 1702.102 1119.068 1707.037
P2542 0.01283 1181.48 1791.302 1181.648 1738.456 1154.226 1738.369 1154.058 1791.215
P2542 0.01231 1118.922 1807.915 1141.813 1803.493 1134.459 1765.417 1111.568 1769.838
P2542 0.00904 1103.342 1779.032 1128.123 1773.399 1112.845 1706.182 1088.063 1711.815
P2542 0.00904 1156.048 1852.551 1163.03 1825.411 1136.259 1818.524 1129.277 1845.663
P2542 0.00817 1181.56 1724.707 1183.416 1685.873 1158.102 1684.663 1156.245 1723.496
P2542 0.00587 1151.518 1743.68 1160.879 1705.464 1138.142 1699.894 1128.78 1738.11
P2542 0.00519 1114.337 1788.619 1140.794 1783.807 1129.553 1721.995 1103.095 1726.806
P2542 0.00375 1130.264 1759.772 1121.759 1705.297 1094.32 1709.582 1102.826 1764.056
P2542 0.00338 1259.618 1799.575 1259.643 1767.892 1238.15 1767.875 1238.125 1799.558
P2542 0.00285 1218.531 1839.11 1217.968 1809.023 1197.391 1809.408 1197.954 1839.495
P2542 0.00284 1153.764 1800.27 1174.778 1765.012 1150.468 1750.523 1129.454 1785.781
P2542 0.00284 976.07 97.138 998.004 89.923 990.047 65.732 968.113 72.947
P2542 0.0016 1201.686 1731.429 1202.285 1694.861 1182.168 1694.531 1181.57 1731.1
P2542 0.00158 1198.896 1842.951 1201.452 1813.492 1177.786 1811.438 1175.23 1840.897
P2542 0.00148 691.515 1177.524 785.903 1023.218 704.014 973.127 609.626 1127.433
P2542 0.00145 1331.859 1837.228 1331.61 1792.709 1307.12 1792.846 1307.369 1837.365
P2542 0.00127 1299.239 1844.212 1298.498 1809.05 1277.248 1809.497 1277.988 1844.659
P2542 0.0012 676.05 1193.622 688.437 1166.983 657.731 1152.704 645.344 1179.344
P2042 0.0057 337.753 549.391 342.281 509.853 323.44 507.695 318.912 547.233
P0130 0.87808 427.727 575.927 427.848 556.637 417.559 556.573 417.438 575.862
P0130 0.7754 444.038 576.517 443.955 555.324 432.758 555.367 432.841 576.56
P0130 0.24159 413.315 576.099 413.558 554.998 402.369 554.869 402.126 575.97
P0130 0.00533 636.092 297.475 636.501 279.192 627.741 278.996 627.332 297.279
P0683 0.00194 701.827 413.39 918.849 397.158 911.916 304.452 694.893 320.684
P2098 0.96238 112.428 295.633 156.334 287.171 139.162 198.075 95.256 206.537
P2098 0.96099 296.93 537.121 339.44 529.372 323.396 441.356 280.886 449.106
P2098 0.96066 473.102 570.205 516.245 561.555 498.615 473.623 455.472 482.273
P2098 0.95985 289.503 334.861 333.142 326.443 315.915 237.137 272.276 245.555
P2098 0.95794 517.744 357.983 560.058 349.694 542.763 261.4 500.449 269.688
P2098 0.95612 166.379 285.14 209.564 276.391 191.389 186.688 148.204 195.438
P2098 0.95452 351.064 528.524 393.78 519.792 375.66 431.156 332.944 439.888
P2098 0.95438 525.874 560.993 568.855 552.368 551.209 464.438 508.228 473.064
P2098 0.95408 536.376 739.944 578.859 731.635 561.506 642.911 519.024 651.22
P2098 0.9538 304.066 740.378 346.117 732.156 328.951 644.362 286.9 652.584
P2098 0.95363 408.388 720.378 450.782 711.83 433.049 623.882 390.656 632.43
P2098 0.95353 121.333 499.431 164.167 490.956 146.59 402.114 103.756 410.589
P2098 0.95285 252.385 749.772 293.705 741.906 277.066 654.507 235.746 662.373
P2098 0.95257 173.553 488.222 217.668 479.075 198.887 388.498 154.772 397.645
P2098 0.9524 342.201 323.164 385.819 314.55 368.346 226.076 324.728 234.69
P2098 0.95211 483.615 748.719 527.51 739.828 509.507 650.944 465.612 659.835
P2098 0.95155 464.652 368.276 506.624 360.47 490.252 272.436 448.279 280.242
P2098 0.95105 356.36 729.187 398.27 720.821 380.647 632.537 338.737 640.902
P2098 0.9392 118.411 720.109 160.999 711.758 156.944 691.081 114.356 699.431
P2098 0.93866 101.836 629.808 142.894 620.27 137.644 597.667 96.585 607.205
P2098 0.92713 112.973 695.141 155.492 686.166 150.74 663.652 108.221 672.627
P2098 0.91213 105.788 657.102 147.278 648.382 142.581 626.031 101.09 634.75
P2791 0.00476 3711.366 524.886 3742.106 367.36 3553.444 330.545 3522.704 488.071
P1086 0.9678 539.421 880.791 550.516 705.667 467.105 700.383 456.009 875.506
P1086 0.96587 672.916 889.929 683.824 713.669 601.179 708.555 590.27 884.814
P1086 0.96543 243.325 188.713 252.921 11.35 168.996 6.809 159.4 184.173
P1086 0.9652 578.855 208.493 588.307 32.258 504.673 27.772 495.221 204.007
P1086 0.96445 336.79 868.536 346.431 693.338 264.448 688.827 254.807 864.024
P1086 0.96427 204.725 861.497 213.101 685.038 130.575 681.12 122.199 857.579
P1086 0.96408 374.523 196.629 385.412 21.486 301.651 16.279 290.762 191.421
P1086 0.96367 357.026 531.364 365.348 356.88 283.014 352.953 274.691 527.437
P1086 0.963 223.309 524.193 234.423 350.978 151.085 345.631 139.972 518.846
P1086 0.96264 711.721 215.352 722.277 39.432 639.018 34.436 628.462 210.356
P1086 0.0027 881.24 864.938 918.107 824.598 874.185 784.456 837.317 824.795
P0715 0.93284 1110.821 94.135 1180.241 22.992 1148.756 -7.731 1079.335 63.411
P0715 0.00254 1102.809 39.652 1129.458 -1.907 1104.677 -17.797 1078.028 23.761
P2050 0.96587 338.155 601.935 341.931 513.124 299.734 511.33 295.957 600.141
P2050 0.96583 479.966 293.744 482.931 205.236 441.686 203.854 438.72 292.362
P2050 0.96515 345.825 288.269 348.545 200.933 307.42 199.652 304.701 286.988
P2050 0.96405 265.812 454.289 268.029 364.896 226.18 363.858 223.963 453.251
P2050 0.96143 332.363 455.454 334.518 367.433 292.931 366.414 290.775 454.435
P2050 0.95865 547.243 295.349 548.995 208.401 507.301 207.561 505.549 294.509
P2050 0.95738 278.741 285.661 280.559 199.137 239.427 198.273 237.609 284.797
P2050 0.95707 260.081 590.571 262.967 502.379 222.107 501.042 219.221 589.234
P2050 0.02015 29.37 686.574 30.038 615.518 1.34 615.248 0.672 686.305
P0123 0.96237 371.136 459.242 419.801 444.707 389.549 343.419 340.883 357.955
P0123 0.95949 218.713 508.28 266.461 494.683 237.64 393.48 189.892 407.077
P0123 0.95524 264.494 660.486 314.184 645.423 283.728 544.956 234.038 560.018
P0123 0.95469 513.143 416.194 560.879 402.028 530.836 300.792 483.1 314.958
P0123 0.9534 475.004 598.233 523.474 583.972 493.231 481.181 444.761 495.442
P0123 0.95293 325.368 641.099 374.827 626.494 344.934 525.266 295.475 539.871
P0123 0.95247 433.626 441.37 482.885 426.572 452.227 324.521 402.968 339.319
P0123 0.95073 411.913 615.292 460.297 600.592 429.963 500.745 381.578 515.445
P0123 0.94788 577.815 400.599 626.991 386.362 596.882 282.363 547.705 296.6
P0123 0.94304 279.145 489.796 327.561 475.732 298.67 376.274 250.254 390.338
P0123 0.93916 550.45 500.985 642.889 471.792 628.397 425.903 535.957 455.096
P2012 0.00534 469.047 75.57 468.71 56.48 458.099 56.667 458.435 75.757
P2126 0.00164 15.716 887.802 19.875 731.276 -1.153 730.717 -5.311 887.243
P2342 0.00183 118.953 1771.36 146.771 1649.669 85.991 1635.776 58.174 1757.467
P1596 0.00287 2544.919 1117.091 2599.107 1062.337 2566.54 1030.107 2512.353 1084.861
P1919 0.96893 566.716 326.649 570.121 238.093 526.976 236.434 523.571 324.99
P1919 0.96889 145.698 706.566 149.585 617.766 107.213 615.911 103.326 704.711
P1919 0.9672 186.566 553.351 190.114 464.165 146.211 462.418 142.662 551.605
P1919 0.96699 281.382 711.21 284.152 621.336 241.212 620.012 238.442 709.887
P1919 0.9666 570.73 177.897 573.425 88.655 531.349 87.384 528.654 176.626
P1919 0.96549 493.447 175.747 496.748 87.027 453.676 85.425 450.376 174.145
P1919 0.96428 429.366 173.607 431.995 85.142 389.297 83.873 386.669 172.338
P1919 0.96389 429.841 567.357 432.811 477.165 390.141 475.759 387.171 565.952
P1919 0.96308 636.095 180.193 639.3 90.088 595.253 88.522 592.048 178.626
P1919 0.96297 286.766 563.245 289.009 472.253 244.767 471.162 242.524 562.154
P1919 0.96277 201.027 708.443 203.14 619.583 160.439 618.567 158.326 707.427
P1919 0.96265 630.846 328.928 634.874 240.281 591.367 238.304 587.339 326.951
P1919 0.96208 483.405 569.772 487.164 478.852 444.687 477.096 440.929 568.016
P1919 0.96174 334.825 712.208 336.952 622.126 294.645 621.127 292.518 711.209
P2429 0.00361 78.175 2554.84 103.749 2550.419 95.074 2500.233 69.5 2504.654
P2429 0.00162 120.987 2628.841 144.227 2625.199 137.47 2582.078 114.23 2585.719
P2429 0.00144 76.105 2565.904 103.024 2560.919 94.805 2516.54 67.886 2521.525
P2429 0.00117 36.422 2559.03 74.703 2550.058 62.201 2496.71 23.919 2505.681
P0518 0.01518 858.193 592.257 898.558 588.977 884.991 422.002 844.627 425.282
P1432 0.00416 2001.519 2465.844 2006.647 2432.2 1976.51 2427.607 1971.382 2461.25
P1432 0.00217 1942.173 2564.692 1945.293 2530.399 1919.434 2528.046 1916.314 2562.339
P2194 0.94541 1086.27 382.298 1089.528 297.152 1049.073 295.604 1045.816 380.75
P2194 0.93251 1094.107 250.816 1094.838 166.462 1052.296 166.094 1051.566 250.448
P2194 0.93234 1144.907 383.654 1148.026 299.76 1107.668 298.26 1104.55 382.153
P2194 0.93138 1021.841 377.724 1025.185 293.466 984.555 291.854 981.212 376.111
P2194 0.92987 1015.336 499.291 1017.504 423.847 979.539 422.756 977.371 498.2
P2194 0.92786 1153.146 252.405 1154.096 170.695 1112.738 170.215 1111.788 251.924
P2194 0.92738 1081.607 506.319 1082.462 425.806 1044.079 425.398 1043.224 505.912
P2194 0.92039 1027.897 250.219 1028.139 163.713 987.061 163.599 986.819 250.104
P2194 0.9124 1142.872 511.992 1143.114 426.329 1096.689 426.198 1096.447 511.861
P2194 0.03554 1241.985 223.785 1242.533 197.957 1173.201 196.488 1172.654 222.316
P0844 0.96814 538.308 365.27 604.151 311.422 489.299 170.988 423.457 224.837
P0844 0.96586 452.92 763.772 519.94 709.72 403.476 565.313 336.455 619.364
P0844 0.96545 292.16 561.529 357.717 507.576 243.74 369.087 178.183 423.041
P0844 0.96521 698.549 564.06 765.313 510.037 650.383 368.001 583.619 422.024
P0844 0.96441 591.909 650.631 658.952 597.138 543.861 452.896 476.818 506.389
P0844 0.96398 430.224 451.005 497.205 397.206 384.333 256.679 317.352 310.479
P0844 0.96108 185.69 644.735 250.837 592.203 138.388 452.751 73.241 505.282
P0844 0.9605 348.827 846.046 413.556 794.094 301.821 654.879 237.092 706.831
P2449 0.00118 147.4 1044.971 151.354 1029.865 129.953 1024.264 126.0 1039.37
P2449 0.00108 466.888 1972.058 481.56 1967.543 470.04 1930.109 455.368 1934.625
P0086 0.00574 954.246 1532.708 974.031 1418.406 792.849 1387.044 773.064 1501.347
P0086 0.00312 779.389 1524.804 889.369 1431.839 847.119 1381.857 737.139 1474.821
P2408 0.09051 881.74 956.781 909.797 951.401 897.804 888.847 869.746 894.227
P2408 0.03257 912.511 946.585 939.021 941.501 928.045 884.263 901.534 889.347
P2408 0.03184 848.231 959.626 874.857 954.294 863.55 897.828 836.925 903.16
P2408 0.00258 893.611 950.624 923.957 946.181 915.312 887.127 884.966 891.57
P2408 0.00161 1156.523 1817.145 1126.554 1722.387 1062.899 1742.52 1092.869 1837.277
P0647 0.96903 189.112 537.037 269.697 505.899 203.952 335.755 123.367 366.894
P0647 0.96706 290.66 495.426 371.023 463.629 304.555 295.639 224.191 327.437
P0647 0.96669 283.768 793.089 366.136 760.478 299.918 593.224 217.55 625.835
P0647 0.96073 376.976 757.443 457.961 725.486 390.241 553.873 309.256 585.831
P0647 0.0036 647.982 852.622 651.861 635.004 575.41 633.641 571.53 851.259
P0651 0.96685 239.918 537.237 245.784 353.112 159.452 350.361 153.585 534.486
P0651 0.96527 342.702 537.198 348.855 356.551 264.165 353.667 258.012 534.314
P0651 0.96526 441.128 813.39 448.275 631.623 364.525 628.33 357.378 810.097
P0651 0.96505 352.45 261.55 356.904 80.497 272.881 78.43 268.427 259.483
P0651 0.96421 665.703 269.63 669.599 90.381 587.099 88.588 583.203 267.837
P0651 0.96421 547.287 815.593 551.8 634.351 467.749 632.257 463.235 813.5
P0651 0.96358 447.253 538.279 454.245 358.904 370.109 355.625 363.117 535.0
P0651 0.96277 560.646 265.99 566.509 88.112 483.143 85.364 477.28 263.243
P0651 0.96198 659.963 542.374 663.946 362.401 578.738 360.515 574.754 540.488
P0651 0.96196 655.319 816.984 660.733 636.009 576.62 633.493 571.205 814.468
P0651 0.96175 233.832 807.717 238.531 625.618 153.168 623.415 148.47 805.515
P0651 0.96078 337.705 809.355 343.16 629.815 255.997 627.167 250.543 806.707
P0651 0.95986 455.183 263.508 462.256 87.756 377.465 84.344 370.392 260.096
P0651 0.95986 245.896 259.456 252.38 80.081 165.719 76.949 159.235 256.323
P0651 0.95372 552.718 540.103 557.572 360.726 472.843 358.433 467.989 537.81
P0665 0.96141 705.901 1215.644 815.466 1071.162 747.354 1019.51 637.789 1163.993
P0665 0.96128 958.492 967.833 1067.094 826.085 1000.087 774.747 891.485 916.495
P0665 0.9611 538.981 1429.997 648.573 1287.77 581.568 1236.14 471.976 1378.367
P0665 0.95959 794.699 1279.743 900.659 1139.313 833.893 1088.935 727.933 1229.365
P0665 0.95818 626.616 1496.582 734.98 1353.408 668.41 1303.023 560.046 1446.197
P0665 0.95032 1047.793 1038.809 1156.323 894.172 1088.419 843.219 979.889 987.857
P0665 0.04424 461.318 98.678 486.215 68.8 425.43 18.15 400.534 48.028
P0665 0.04096 35.806 65.709 36.277 -5.995 -7.409 -6.282 -7.881 65.422
P0665 0.03655 442.844 74.878 516.953 11.018 477.454 -34.821 403.344 29.039
P0665 0.02512 25.22 91.449 31.256 3.252 -8.117 0.557 -14.153 88.755
P0665 0.01586 52.985 42.707 52.277 -6.557 -2.878 -5.765 -2.17 43.499
P0665 0.01321 472.628 55.761 519.807 9.176 479.177 -31.972 431.998 14.614
P0665 0.00286 498.577 1680.185 497.603 1669.45 449.358 1673.827 450.332 1684.562
P0665 0.00128 42.398 78.48 36.873 -31.151 -42.398 -27.156 -36.873 82.475
P0665 0.00104 514.774 35.725 522.759 -1.015 464.662 -13.642 456.676 23.099
P2044 0.97007 195.747 363.304 240.589 360.162 234.169 268.538 189.328 271.679
P2044 0.96351 185.093 227.026 232.127 223.142 224.495 130.718 177.461 134.602
P2044 0.96078 291.761 219.886 336.047 216.116 328.064 122.335 283.778 126.105
P2044 0.96002 238.001 223.033 283.989 219.224 276.266 125.988 230.278 129.797
P2044 0.95195 248.867 361.146 293.847 357.691 286.737 265.116 241.757 268.571
P2044 0.95042 302.401 356.015 347.177 352.233 339.364 259.739 294.589 263.521
P2044 0.00155 37.861 558.257 37.499 549.467 5.925 550.765 6.286 559.555
P2011 0.96008 579.199 770.892 580.26 679.845 537.566 679.348 536.505 770.395
P2011 0.95933 582.855 496.351 584.669 403.969 539.907 403.09 538.093 495.472
P2011 0.95855 580.841 633.373 582.561 542.505 538.368 541.668 536.648 632.536
P2011 0.95819 640.525 358.802 640.931 266.937 596.949 266.743 596.543 358.608
P2011 0.95764 636.378 633.517 637.074 542.352 593.833 542.022 593.137 633.187
P2011 0.9561 637.932 496.754 639.104 406.016 595.341 405.451 594.169 496.189
P2011 0.95465 689.377 772.485 690.843 681.533 647.095 680.828 645.63 771.78
P2011 0.95348 694.252 496.923 695.203 406.79 650.216 406.315 649.265 496.448
P2011 0.9534 691.86 633.858 692.266 543.326 648.051 543.127 647.644 633.659
P2011 0.95123 585.12 357.662 585.58 266.814 541.164 266.589 540.703 357.437
P2011 0.95098 696.786 359.945 696.964 267.173 651.493 267.086 651.314 359.858
P2011 0.94574 634.508 770.849 634.94 679.474 591.895 679.27 591.463 770.645
P1149 0.00109 2223.368 969.446 2307.717 892.288 2213.244 789.009 2128.895 866.167
P2504 0.16538 1242.705 463.611 1273.118 454.994 1265.292 427.375 1234.88 435.991
P2504 0.02889 1245.646 494.639 1273.744 485.525 1265.745 460.865 1237.647 469.979
P2504 0.0244 1258.946 527.31 1288.058 520.481 1282.657 497.456 1253.544 504.285
P2504 0.00733 1271.09 534.613 1297.458 525.043 1285.491 492.068 1259.122 501.638
P2504 0.00585 1253.783 503.239 1277.659 489.782 1263.589 464.821 1239.713 478.279
P2504 0.00482 1275.977 524.613 1298.361 517.408 1288.896 488.0 1266.512 495.204
P2504 0.00286 1262.765 492.149 1290.226 483.809 1282.272 457.619 1254.811 465.959
P2129 0.96364 225.579 895.489 283.11 826.407 250.048 798.873 192.518 867.956
P2129 0.96359 196.521 506.199 255.293 437.155 222.036 408.845 163.263 477.888
P2129 0.96248 455.19 726.879 513.066 657.573 479.414 629.471 421.537 698.776
P2129 0.96208 205.131 697.845 263.511 628.433 229.757 600.044 171.377 669.455
P2129 0.9605 365.225 833.067 424.395 761.594 391.072 734.007 331.902 805.48
P2129 0.95794 402.611 683.89 463.348 614.39 431.15 586.252 370.414 655.752
P2129 0.95723 105.157 794.491 163.63 724.77 130.047 696.605 71.574 766.326
P2129 0.95722 246.98 549.218 305.263 480.922 271.644 452.232 213.361 520.529
P2129 0.95704 314.985 790.528 375.441 718.743 341.69 690.318 281.234 762.104
P2129 0.95606 262.878 747.461 323.776 676.568 290.291 647.804 229.393 718.698
P2129 0.95596 276.588 939.037 335.422 868.714 302.099 840.836 243.265 911.158
P2129 0.95483 107.059 612.915 165.519 543.964 132.366 515.855 73.906 584.806
P2129 0.9547 155.065 654.267 213.817 585.619 181.292 557.782 122.54 626.43
P2129 0.95385 174.179 852.949 233.605 783.047 200.585 754.976 141.159 824.878
P2129 0.95299 353.652 640.767 413.279 570.841 380.981 543.3 321.354 613.226
P2129 0.94857 295.185 591.678 356.256 522.787 323.553 493.797 262.483 562.688
P2129 0.87595 626.413 653.49 678.454 587.294 645.332 561.254 593.29 627.45
P2129 0.6828 656.346 755.254 672.732 736.026 639.198 707.45 622.813 726.679
P2129 0.39013 466.642 505.617 513.453 445.345 483.579 422.143 436.768 482.416
P2129 0.38344 407.247 291.686 463.892 224.738 431.918 197.685 375.274 264.633
P2129 0.08942 412.798 458.129 458.309 399.484 428.383 376.259 382.871 434.904
P2129 0.03852 353.27 412.561 401.9 352.776 374.43 330.432 325.8 390.217
P2129 0.01603 575.577 598.014 624.238 538.283 594.053 513.692 545.392 573.424
P2129 0.00166 239.822 1130.359 246.37 1109.204 181.151 1089.017 174.603 1110.172
P2129 0.0013 518.725 557.622 569.052 489.502 538.345 466.815 488.018 534.935
P2121 0.95493 619.685 851.655 662.91 849.155 657.75 759.951 614.525 762.451
P2121 0.94965 674.313 848.114 717.933 845.535 712.681 756.732 669.061 759.311
P2121 0.94903 720.2 709.044 763.948 706.401 758.421 614.919 714.673 617.562
P2121 0.94891 730.235 846.064 773.455 843.39 767.956 754.482 724.735 757.156
P2121 0.94409 602.358 578.929 646.334 576.243 640.849 486.444 596.873 489.13
P2121 0.94348 657.007 573.966 699.641 571.196 693.809 481.45 651.175 484.22
P2121 0.94325 665.627 712.86 709.872 710.093 704.157 618.703 659.911 621.47
P2121 0.94223 611.811 714.639 653.496 711.992 647.772 621.853 606.087 624.5
P0199 0.96497 512.74 754.276 515.196 586.706 437.523 585.568 435.067 753.137
P0199 0.96245 383.366 752.759 386.376 586.514 308.083 585.096 305.073 751.342
P0199 0.96032 809.757 1026.242 813.485 857.629 734.112 855.875 730.384 1024.487
P0199 0.9601 941.633 747.426 944.635 582.482 863.703 581.009 860.701 745.953
P0199 0.95974 683.266 470.373 686.402 301.453 605.975 299.96 602.839 468.88
P0199 0.95918 810.288 469.627 812.973 303.629 735.671 302.379 732.985 468.377
P0199 0.95901 379.856 1032.701 382.431 863.69 305.824 862.522 303.248 1031.534
P0199 0.95866 810.729 747.187 814.205 581.858 736.952 580.234 733.476 745.563
P0199 0.95735 517.459 478.26 518.842 307.76 438.96 307.112 437.577 477.612
P0199 0.95533 365.318 1420.37 368.925 1247.501 292.272 1245.902 288.666 1418.771
P0199 0.95494 680.78 746.765 684.559 578.321 608.26 576.609 604.482 745.054
P0199 0.95457 678.03 1025.874 681.755 852.882 605.327 851.236 601.603 1024.228
P0199 0.95456 256.754 748.862 257.493 585.283 177.822 584.924 177.084 748.502
P0199 0.95109 254.03 1041.553 257.152 864.434 176.661 863.015 173.538 1040.134
P0199 0.9507 937.821 1026.677 939.335 859.398 858.678 858.669 857.164 1025.947
P0199 0.94954 242.454 1414.15 244.028 1250.547 167.43 1249.81 165.855 1413.413
P0199 0.94383 941.261 473.235 942.714 303.177 863.279 302.499 861.827 472.557
P0199 0.9406 495.717 1412.884 497.159 1248.001 421.845 1247.343 420.403 1412.226
P0199 0.93713 387.027 477.33 388.117 305.453 309.981 304.957 308.892 476.835
P0199 0.93667 510.86 1034.682 512.458 866.064 431.15 865.294 429.552 1033.911
P0199 0.5006 209.916 370.796 210.669 279.056 162.963 278.665 162.21 370.405
P0199 0.04625 271.44 372.674 273.101 281.461 227.402 280.629 225.741 371.842
P0199 0.01566 210.943 498.408 210.777 406.472 162.893 406.558 163.059 498.494
P0199 0.00105 273.46 498.218 272.984 407.012 225.913 407.257 226.389 498.464
P2571 0.9676 442.903 699.384 528.744 655.779 436.605 474.396 350.764 518.001
P2571 0.96681 735.135 555.964 820.822 512.588 729.818 332.813 644.13 376.189
P2571 0.963 306.387 766.359 394.632 722.943 305.547 541.875 217.302 585.292
P2571 0.95996 577.931 1001.282 664.056 958.527 573.676 776.468 487.551 819.223
P2571 0.95995 952.848 816.864 1038.509 773.871 948.123 593.782 862.462 636.775
P2571 0.95865 598.04 621.905 684.326 579.368 595.029 398.23 508.742 440.768
P2571 0.95426 715.006 936.726 799.45 894.009 708.212 713.646 623.768 756.362
P2571 0.95304 428.986 1075.959 512.935 1034.575 424.733 855.657 340.784 897.042
P2571 0.8802 467.89 1248.591 516.79 1222.532 469.937 1134.612 421.036 1160.671
P2571 0.00105 1059.849 755.0 1060.99 630.871 1030.151 630.587 1029.01 754.716
P0402 0.96311 169.138 439.909 342.814 389.112 317.968 304.163 144.292 354.96
P0402 0.96012 206.915 563.145 382.86 508.3 356.068 422.352 180.123 477.197
P0402 0.95842 97.742 201.883 271.555 147.875 245.297 63.371 71.485 117.38
P0402 0.95411 128.913 319.234 301.443 267.165 276.863 185.721 104.334 237.79
P0359 0.96833 328.099 275.751 416.048 266.383 396.733 85.038 308.784 94.405
P0359 0.9639 354.491 556.775 441.425 548.344 423.63 364.882 336.697 373.314
P0359 0.96379 217.405 291.225 304.595 281.101 283.04 95.482 195.85 105.607
P0359 0.96296 243.475 565.544 331.948 556.811 314.01 375.062 225.536 383.794
P0359 0.96137 437.856 266.013 524.997 257.149 506.541 75.721 419.4 84.585
P0359 0.95923 464.922 544.733 551.25 536.412 533.481 352.065 447.153 360.386
P2375 0.01139 729.3 471.753 762.838 457.434 755.538 440.335 722.0 454.653
P2375 0.00359 953.758 341.478 978.304 333.191 963.446 289.18 938.9 297.467
P2375 0.00304 1542.436 482.598 1573.056 386.86 1547.27 378.613 1516.649 474.351
P2375 0.00265 965.541 324.689 987.208 317.357 972.124 272.781 950.457 280.112
P2375 0.00201 1025.37 1052.306 1046.449 1046.012 1033.577 1002.901 1012.498 1009.195
P2375 0.00196 978.982 1089.154 1006.99 1072.552 973.683 1016.362 945.675 1032.965
P2375 0.00151 736.955 479.329 767.477 468.072 761.486 451.827 730.964 463.083
P2375 0.00145 1042.933 983.874 1057.2 978.032 1047.215 953.65 1032.949 959.492
P2375 0.00142 869.55 778.296 908.205 770.948 895.458 703.89 856.804 711.238
P2375 0.00131 989.24 586.445 1008.656 576.305 996.463 552.958 977.048 563.097
P2375 0.00126 1133.667 883.544 1160.236 866.503 1133.906 825.453 1107.337 842.494
P2375 0.00123 1035.548 977.433 1052.701 969.986 1042.564 946.636 1025.411 954.083
P2375 0.00118 977.107 556.123 996.729 549.101 982.738 510.008 963.117 517.03
P2593 0.94622 362.374 1270.585 411.651 1254.001 379.536 1158.577 330.259 1175.161
P2593 0.94103 581.757 1182.194 623.471 1168.502 593.514 1077.235 551.801 1090.927
P2593 0.9266 523.66 1630.095 565.978 1614.255 533.755 1528.163 491.436 1544.003
P2593 0.92001 439.91 1233.135 483.079 1217.572 449.164 1123.499 405.996 1139.062
P2593 0.9031 591.11 1611.655 637.12 1595.749 606.792 1508.022 560.782 1523.928
P2593 0.89674 470.513 1494.411 513.721 1478.529 481.824 1391.751 438.616 1407.633
P2593 0.89041 508.969 1210.562 555.519 1194.857 523.38 1099.597 476.83 1115.302
P2593 0.83886 525.428 1472.577 565.094 1458.581 535.564 1374.887 495.898 1388.883
P2593 0.81663 633.059 1155.649 672.36 1142.047 642.352 1055.345 603.051 1068.948
P2593 0.00407 91.537 64.227 149.637 51.915 137.318 -6.214 79.218 6.099
P2593 0.00359 492.824 1455.588 548.697 1434.472 522.135 1364.19 466.262 1385.306
P2593 0.00236 669.946 1158.627 702.837 1141.024 674.261 1087.633 641.371 1105.236
P2593 0.00206 140.351 61.655 182.216 53.284 170.282 -6.4 128.418 1.97
P0799 0.93249 97.063 211.692 134.28 197.167 103.179 117.475 65.962 132.0
P0799 0.93068 37.179 240.131 75.678 225.518 43.718 141.324 5.22 155.938
P2241 0.94819 224.748 935.774 267.392 935.188 266.248 851.84 223.605 852.425
P2241 0.94296 412.96 935.367 456.226 934.842 455.184 848.911 411.918 849.436
P2241 0.94189 277.21 936.852 319.378 936.249 318.144 849.9 275.977 850.502
P2241 0.94134 464.04 934.367 506.336 934.104 505.8 847.934 463.504 848.197
P2241 0.93793 362.345 934.697 404.072 934.9 404.481 850.889 362.754 850.686
P2241 0.93418 162.235 937.002 204.618 936.299 203.21 851.412 160.827 852.115
P2241 0.93113 111.286 936.889 152.812 936.102 151.217 851.917 109.691 852.704
P2241 0.92806 516.658 933.642 557.059 933.34 556.416 847.246 516.016 847.548
P2241 0.0039 383.628 805.875 410.172 802.807 404.929 757.449 378.385 760.518
P2241 0.00139 355.801 906.718 354.902 859.489 333.904 859.888 334.803 907.117
P0577 0.00737 657.888 28.509 656.894 -12.289 564.321 -10.033 565.316 30.766
P0577 0.00121 654.106 34.701 651.615 -37.882 558.952 -34.701 561.443 37.882
P1075 0.59387 1673.179 1066.496 1702.765 970.695 1660.898 957.766 1631.313 1053.567
P1075 0.46059 1627.277 1029.67 1648.219 955.891 1609.833 944.995 1588.891 1018.775
P1075 0.07217 1621.886 1057.395 1646.172 994.936 1591.799 973.795 1567.513 1036.254
P1075 0.05641 1634.797 1059.635 1665.833 974.027 1611.213 954.225 1580.178 1039.834
P2768 0.80652 750.161 1798.301 750.257 1755.494 727.781 1755.444 727.684 1798.25
P2768 0.53664 716.918 1799.667 716.807 1755.831 690.059 1755.899 690.169 1799.734
P2768 0.47458 781.674 1799.688 781.99 1759.13 758.546 1758.948 758.23 1799.505
P2768 0.00983 919.844 2102.429 919.887 2053.68 888.557 2053.653 888.514 2102.402
P2768 0.00511 647.401 2060.303 646.916 2016.779 558.303 2017.764 558.787 2061.289
P2768 0.00418 698.679 2072.048 699.592 2031.106 679.244 2030.652 678.331 2071.594
P2768 0.00373 651.21 1796.108 651.139 1771.664 619.241 1771.757 619.313 1796.201
P2768 0.00148 915.276 2042.614 915.193 2003.364 890.374 2003.417 890.457 2042.667
P2768 0.00147 715.143 1894.996 715.335 1851.758 694.098 1851.663 693.906 1894.901
P2768 0.00116 987.517 1417.406 987.512 1405.859 958.864 1405.872 958.869 1417.419
P1878 0.96531 353.353 835.776 356.027 749.046 314.729 747.773 312.056 834.503
P1878 0.96492 185.342 678.117 188.563 591.067 146.182 589.499 142.961 676.548
P1878 0.96458 188.871 549.463 193.851 461.498 152.117 459.136 147.137 547.1
P1878 0.96432 288.745 833.494 290.826 747.631 249.021 746.618 246.941 832.481
P1878 0.96407 230.62 268.332 233.844 181.789 191.995 180.231 188.771 266.773
P1878 0.96362 254.39 551.2 258.285 464.867 215.988 462.959 212.093 549.292
P1878 0.96233 92.69 860.427 95.719 773.663 53.757 772.198 50.727 858.961
P1878 0.96184 160.839 417.918 164.472 330.667 121.766 328.888 118.132 416.14
P1878 0.96157 349.465 965.747 352.167 880.167 310.074 878.838 307.372 964.418
P1878 0.96104 164.91 287.355 167.51 201.433 126.2 200.183 123.6 286.105
P1878 0.9606 357.876 380.188 360.944 293.895 319.048 292.406 315.981 378.699
P1878 0.95997 157.285 862.173 160.702 775.566 118.636 773.906 115.219 860.513
P1878 0.95971 218.546 995.734 220.938 907.459 178.655 906.313 176.263 994.588
P1878 0.95963 154.17 991.374 156.052 906.202 115.093 905.297 113.21 990.469
P1878 0.95883 227.15 419.659 229.368 333.444 186.671 332.345 184.453 418.56
P1878 0.95864 422.9 382.336 425.645 296.205 383.279 294.855 380.533 380.985
P1878 0.95847 99.842 285.529 101.815 200.06 60.515 199.106 58.542 284.575
P1878 0.95836 353.666 510.269 355.793 423.326 314.24 422.309 312.112 509.253
P1878 0.95801 295.537 269.877 298.478 183.381 256.617 181.958 253.676 268.453
P1878 0.95584 284.899 963.646 286.576 877.977 245.158 877.166 243.481 962.836
P1878 0.95551 349.729 639.776 353.025 553.39 310.012 551.749 306.716 638.135
P1878 0.94274 121.15 688.344 122.02 666.18 79.394 664.506 78.524 686.671
P1878 0.94148 124.805 599.775 125.394 577.371 82.469 576.243 81.88 598.647
P1878 0.93979 419.664 513.541 421.973 426.874 379.273 425.736 376.964 512.403
P1878 0.93118 414.695 640.83 415.324 554.921 374.442 554.621 373.813 640.53
P1878 0.9278 122.565 660.431 123.262 636.213 79.417 634.951 78.72 659.17
P1878 0.92598 123.271 629.84 124.011 607.161 79.996 605.723 79.255 628.402
P2150 0.96039 334.193 905.789 371.247 826.91 332.555 808.734 295.501 887.613
P2150 0.95907 323.422 756.502 360.456 676.121 320.932 657.911 283.898 738.292
P2150 0.95866 426.839 658.273 464.569 577.262 425.783 559.198 388.053 640.209
P2150 0.9581 474.051 680.032 511.17 600.84 472.802 582.856 435.683 662.049
P2150 0.95688 118.644 905.123 155.454 825.707 116.958 807.864 80.149 887.28
P2150 0.95643 418.795 800.524 456.112 720.185 417.185 702.103 379.868 782.442
P2150 0.95635 371.024 778.328 409.055 696.72 370.482 678.744 332.45 760.352
P2150 0.95487 166.732 927.797 203.508 847.356 164.903 829.707 128.127 910.149
P2150 0.95352 287.001 885.325 323.862 803.994 283.369 785.641 246.507 866.972
P2150 0.95205 379.913 637.514 416.537 556.466 377.191 538.687 340.567 619.735
P2150 0.95054 24.486 861.356 60.942 780.445 21.805 762.812 -14.651 843.722
P2150 0.94816 71.139 883.036 109.502 802.216 70.488 783.697 32.125 864.517
P2595 0.93079 332.587 891.706 381.737 885.704 369.783 787.808 320.633 793.81
P2595 0.92832 270.884 435.624 316.248 431.817 308.256 336.577 262.892 340.384
P2595 0.92299 262.216 902.375 311.298 896.304 298.596 793.612 249.514 799.683
P2595 0.92163 198.704 441.972 244.178 437.824 235.639 344.205 190.164 348.353
P2595 0.91919 185.432 908.622 233.19 902.901 221.54 805.659 173.782 811.38
P2595 0.91906 227.865 651.749 270.333 649.251 265.245 562.761 222.778 565.259
P2595 0.9138 409.158 423.582 455.432 420.938 450.177 328.973 403.902 331.617
P2595 0.9098 305.208 655.451 351.854 652.291 345.491 558.361 298.844 561.521
P2595 0.89665 378.539 644.904 423.976 641.315 416.774 550.157 371.337 553.747
P2595 0.89615 339.848 427.104 383.179 423.868 376.202 330.454 332.871 333.69
P2595 0.65477 112.036 922.797 161.752 916.136 148.36 816.18 98.644 822.841
P2595 0.03502 696.237 1248.5 738.264 1242.595 725.754 1153.559 683.727 1159.464
P2595 0.00255 91.928 1754.777 308.635 1669.916 263.221 1553.944 46.514 1638.806
P0368 0.9585 378.648 461.423 504.064 333.388 442.615 273.195 317.198 401.23
P0368 0.9577 532.44 614.503 661.769 484.175 601.503 424.371 472.174 554.699
P0368 0.95556 614.771 687.677 740.309 559.457 678.907 499.341 553.37 627.561
P0368 0.95065 459.661 535.668 582.351 409.695 521.398 350.331 398.708 476.303
P0368 0.0018 810.294 668.761 827.396 574.217 751.197 560.434 734.096 654.977
P1137 0.00401 196.547 597.14 274.276 490.533 179.893 421.717 102.164 528.325
P0659 0.96668 453.53 818.847 533.954 799.273 492.324 628.224 411.899 647.798
P0659 0.96506 351.372 840.879 432.016 820.873 389.848 650.887 309.204 670.893
P0659 0.95764 388.574 558.9 466.716 540.688 426.932 369.992 348.79 388.205
P0659 0.95687 286.614 582.427 363.771 563.46 322.121 394.034 244.964 413.001
P2580 0.92562 155.632 746.542 197.754 733.106 168.781 642.276 126.659 655.712
P2580 0.92051 465.334 1507.542 505.637 1499.818 489.131 1413.693 448.829 1421.417
P2580 0.91897 421.57 1659.427 467.062 1650.559 449.308 1559.485 403.815 1568.353
P2580 0.91282 267.511 854.107 308.65 839.761 278.505 753.322 237.367 767.668
P2580 0.91039 372.496 1384.228 416.712 1374.305 397.295 1287.78 353.079 1297.703
P2580 0.91009 509.448 1197.232 555.117 1189.061 538.55 1096.469 492.881 1104.64
P2580 0.90976 203.649 878.663 246.194 863.508 215.61 777.648 173.065 792.803
P2580 0.90397 395.661 1520.311 439.596 1511.374 421.669 1423.25 377.735 1432.187
P2580 0.89985 484.424 1646.854 529.378 1638.568 513.396 1551.853 468.442 1560.138
P2580 0.89442 580.758 1184.25 621.307 1177.562 606.48 1087.666 565.931 1094.354
P2580 0.89364 439.613 1368.573 482.179 1360.524 465.137 1270.407 422.571 1278.457
P2580 0.00297 415.908 1516.433 459.05 1504.789 436.933 1422.851 393.791 1434.496
P2088 0.96433 186.347 357.081 190.208 186.331 109.717 184.511 105.856 355.261
P2088 0.96321 393.571 360.661 397.762 192.886 318.171 190.898 313.98 358.673
P2088 0.9632 244.677 1036.654 248.859 864.261 167.556 862.289 163.374 1034.681
P2088 0.96151 349.46 1038.188 352.012 866.262 271.046 865.06 268.495 1036.986
P2088 0.96004 239.985 1294.884 243.397 1125.312 162.765 1123.689 159.353 1293.261
P2088 0.95962 343.816 1297.712 347.578 1127.249 266.702 1125.464 262.939 1295.927
P2088 0.95947 141.346 1032.895 145.064 862.412 64.047 860.645 60.329 1031.128
P2088 0.95878 136.346 1293.372 140.307 1121.873 60.196 1120.023 56.235 1291.521
P2088 0.95833 451.878 1039.535 454.882 870.752 376.275 869.353 373.27 1038.136
P2088 0.95627 446.996 1300.937 449.605 1129.224 371.256 1128.034 368.647 1299.746
P2088 0.95402 290.226 360.786 295.553 188.99 217.677 186.575 212.35 358.371
P0242 0.96396 275.513 1085.506 358.919 1078.179 343.656 904.431 260.25 911.758
P0242 0.9606 380.924 1075.297 463.432 1067.655 447.362 894.172 364.855 901.815
P0242 0.95807 357.152 816.732 438.645 808.687 421.217 632.157 339.724 640.203
P0242 0.95799 174.146 1095.085 255.693 1087.082 238.477 911.67 156.93 919.673
P0242 0.95492 331.097 551.735 413.135 543.503 396.121 373.951 314.083 382.183
P0242 0.95429 150.373 835.417 230.723 827.545 213.834 655.17 133.484 663.043
P0242 0.95365 228.252 564.835 309.467 556.695 292.329 385.699 211.113 393.839
P0242 0.95181 253.475 823.307 334.041 815.377 317.127 643.542 236.561 651.472
P1508 0.00305 723.682 1510.195 724.612 1396.649 647.554 1396.018 646.624 1509.564
P1508 0.00229 896.215 994.797 889.946 878.344 811.247 882.581 817.516 999.034
P1508 0.00146 1128.989 983.069 1099.234 867.182 1015.536 888.673 1045.291 1004.559
P0882 0.96332 445.05 665.02 466.264 496.874 387.219 486.901 366.005 655.047
P0882 0.96276 566.269 2176.384 587.114 2007.962 505.971 1997.92 485.126 2166.341
P0882 0.96114 587.995 426.557 611.565 256.801 532.78 245.862 509.209 415.617
P0882 0.96099 747.55 1940.749 772.332 1779.22 694.817 1767.327 670.035 1928.857
P0882 0.95968 713.947 2197.016 735.521 2031.186 656.263 2020.874 634.689 2186.704
P0882 0.95923 480.634 409.868 504.156 243.487 424.734 232.258 401.212 398.639
P0882 0.95847 597.32 1921.569 624.048 1760.756 546.07 1747.795 519.342 1908.609
P0882 0.95454 551.642 679.332 572.989 512.462 495.343 502.529 473.997 669.399
P0882 0.9532 816.964 2212.101 838.492 2044.528 760.438 2034.5 738.909 2202.073
P0882 0.94978 851.775 1954.0 872.582 1792.504 795.985 1782.636 775.178 1944.131
P0882 0.9471 250.364 635.513 275.508 473.17 200.399 461.537 175.255 623.881
P0882 0.00195 316.267 389.498 341.138 247.71 261.337 233.713 236.466 375.5
P0796 0.92486 420.168 2321.474 458.526 2304.333 427.69 2235.328 389.332 2252.469
P0796 0.92084 477.155 2298.917 513.817 2284.239 485.603 2213.772 448.941 2228.45
