P0583 0.00276 481.641 355.852 534.156 167.902 430.468 138.931 377.953 326.88
P1854 0.02441 800.537 652.602 807.534 391.007 656.27 386.961 649.272 648.556
P1854 0.01336 818.962 3960.106 822.663 3750.577 659.4 3747.693 655.699 3957.222
P1854 0.00971 632.275 696.632 636.579 441.798 507.194 439.612 502.889 694.447
P1854 0.00867 12043.151 3997.252 12062.501 3768.31 11813.296 3747.248 11793.946 3976.19
P0814 0.00167 54.593 51.485 54.908 6.251 29.486 6.073 29.17 51.307
P0814 0.0015 40.328 48.286 42.161 11.121 17.619 9.91 15.785 47.076
P0814 0.00114 107.27 39.688 108.14 9.177 90.08 8.662 89.21 39.174
P2242 0.05399 2023.638 998.424 2025.815 965.014 2000.888 963.39 1998.711 996.8
P2242 0.04661 2086.047 1097.959 2086.379 1067.565 2064.686 1067.328 2064.355 1097.722
P2242 0.04401 1453.042 653.843 1455.354 631.185 1437.478 629.361 1435.166 652.019
P2242 0.04353 1884.762 510.068 1886.299 473.144 1858.987 472.007 1857.45 508.931
P1122 0.00678 1155.501 3086.386 1173.698 2974.284 1019.973 2949.331 1001.776 3061.433
P1122 0.00366 1161.676 3071.562 1181.854 2921.066 1034.825 2901.354 1014.647 3051.849
P1122 0.00274 1028.936 1927.807 1034.815 1657.148 717.077 1650.246 711.197 1920.905
P1122 0.00274 590.095 1061.689 590.716 846.934 340.201 846.209 339.579 1060.964
P1122 0.00252 1500.574 683.731 1503.446 449.581 1186.486 445.694 1183.615 679.844
P1122 0.00231 4367.503 937.651 4365.391 699.794 4044.143 702.647 4046.254 940.504
P1122 0.00225 3184.528 1650.646 3194.134 1348.028 2841.552 1336.836 2831.946 1639.454
P1122 0.00203 4895.984 2601.001 4890.057 2336.134 4570.244 2343.289 4576.17 2608.157
P1122 0.00189 5235.144 819.422 5245.492 560.688 4919.683 547.657 4909.335 806.392
P1122 0.00182 743.558 2321.148 782.052 2248.479 675.96 2192.28 637.466 2264.948
P1122 0.00161 2932.424 659.934 2923.293 430.96 2621.505 442.994 2630.635 671.968
P1122 0.00157 1467.029 1912.993 1474.668 1738.458 1240.41 1728.204 1232.771 1902.74
P1122 0.00152 4301.433 2581.902 4305.46 2339.138 4008.51 2334.211 4004.483 2576.976
P1122 0.00144 5412.975 1558.513 5450.106 1014.37 4861.886 974.231 4824.755 1518.374
P1122 0.00136 3778.093 1027.363 3783.13 788.621 3491.598 782.47 3486.561 1021.213
P1122 0.00129 5982.249 2438.379 5976.075 2111.698 5587.533 2119.041 5593.707 2445.721
P1122 0.00127 1910.954 782.472 1913.967 559.205 1638.233 555.485 1635.22 778.751
P1122 0.00113 1445.49 1999.882 1505.039 1887.233 1322.811 1790.902 1263.262 1903.551
P2230 0.00557 2068.171 592.422 2074.639 512.275 1990.161 505.457 1983.692 585.604
P2230 0.00445 1853.752 889.116 1869.243 792.983 1771.472 777.229 1755.981 873.361
P2230 0.00434 2318.634 441.797 2317.52 349.101 2203.377 350.472 2204.491 443.168
P2230 0.0041 622.207 249.639 625.065 190.676 577.867 188.389 575.01 247.351
P2230 0.00371 590.266 61.822 595.905 30.214 565.817 24.846 560.178 56.454
P2230 0.00364 1041.713 232.945 1045.311 207.799 1015.52 203.536 1011.922 228.682
P2230 0.00331 722.67 217.309 725.011 153.358 654.344 150.771 652.003 214.722
P2230 0.00317 505.318 625.956 511.444 527.616 437.277 522.996 431.152 621.336
P2230 0.00301 910.391 255.388 914.792 232.587 884.055 226.653 879.654 249.454
P2230 0.00286 583.279 511.222 594.613 429.705 537.496 421.764 526.162 503.28
P2152 0.00674 777.369 135.082 777.45 116.919 767.042 116.873 766.962 135.036
P2152 0.00632 800.748 132.508 800.35 114.208 791.715 114.395 792.112 132.696
P2152 0.00544 964.828 188.477 964.927 177.335 954.856 177.245 954.756 188.387
P2152 0.00432 794.221 133.856 794.716 117.2 784.21 116.887 783.715 133.543
P2152 0.00422 699.361 134.575 701.443 120.946 691.177 119.378 689.095 133.006
P2152 0.00391 714.474 134.866 714.751 118.038 704.779 117.874 704.502 134.702
P2152 0.00268 771.453 131.613 770.56 113.222 759.603 113.754 760.495 132.145
P2152 0.00267 800.61 182.769 801.194 166.118 792.727 165.822 792.144 182.473
P2152 0.00261 837.72 161.507 838.807 149.008 830.523 148.288 829.436 160.787
P2271 0.00848 1269.322 757.618 1282.402 705.035 1227.406 691.354 1214.326 743.937
P1138 0.11146 952.981 1006.712 951.013 771.574 736.03 773.374 737.998 1008.511
P1138 0.04513 279.315 488.747 298.971 311.384 111.608 290.62 91.953 467.983
P1138 0.02848 592.156 434.362 604.689 297.29 507.718 288.423 495.185 425.495
P1138 0.01564 598.324 339.593 615.806 232.144 522.951 217.037 505.47 324.486
P1138 0.01231 467.095 404.13 469.023 318.478 382.147 316.522 380.219 402.174
P1138 0.00475 602.268 496.316 619.12 289.605 469.978 277.447 453.126 484.158
P1138 0.00346 2244.507 616.225 2277.775 497.813 2186.928 472.29 2153.66 590.702
P1138 0.00294 555.383 551.483 570.268 462.591 489.816 449.119 474.931 538.012
P1138 0.00165 2214.811 1081.81 2231.718 845.604 1986.779 828.071 1969.871 1064.277
P1138 0.00104 14.201 818.946 267.725 646.304 53.322 331.454 -200.202 504.096
P0170 0.01339 781.314 137.893 785.874 96.426 744.292 91.854 739.732 133.321
P0170 0.00852 362.412 441.111 373.25 385.014 320.585 374.839 309.747 430.936
P0170 0.0069 242.894 680.996 253.61 608.518 210.066 602.079 199.35 674.557
P0170 0.00551 621.741 360.091 626.804 319.729 585.975 314.607 580.912 354.969
P0170 0.00492 1161.747 285.277 1166.6 245.533 1120.667 239.924 1115.814 279.669
P0170 0.00492 1062.577 476.004 1075.628 434.384 1038.031 422.595 1024.981 464.215
P0170 0.00432 301.018 626.809 306.155 597.305 271.007 591.185 265.87 620.69
P0170 0.0038 1223.194 805.323 1229.09 743.235 1154.02 736.105 1148.124 798.194
P0170 0.00374 66.792 422.929 69.741 398.211 46.638 395.455 43.689 420.173
P0170 0.00371 1378.697 583.023 1383.272 546.706 1336.98 540.874 1332.405 577.191
P0170 0.00334 1302.003 839.932 1312.432 794.636 1262.804 783.21 1252.375 828.505
P0170 0.00313 1840.925 552.36 1851.006 500.581 1774.584 485.702 1764.504 537.482
P0170 0.0031 25.085 621.752 26.451 594.595 2.514 593.391 1.148 620.548
P0170 0.00265 382.157 341.436 394.291 294.644 360.962 286.002 348.829 332.794
P2239 0.01994 561.264 306.817 564.194 276.328 531.666 273.202 528.736 303.692
P2239 0.01019 297.51 294.433 298.477 266.843 260.633 265.516 259.666 293.106
P2239 0.00583 921.034 262.449 924.533 247.18 905.411 242.798 901.912 258.068
P2239 0.00539 794.951 242.015 798.657 207.909 754.505 203.111 750.799 237.218
P2239 0.00517 679.031 311.429 680.345 283.003 639.998 281.137 638.684 309.564
P2239 0.0038 460.561 229.181 461.08 193.745 417.442 193.106 416.923 228.542
P2239 0.0034 937.461 95.209 939.347 70.765 920.578 69.317 918.693 93.761
P2239 0.00241 561.237 499.31 565.627 486.322 552.032 481.727 547.642 494.715
P2239 0.00237 629.842 310.479 631.911 282.035 589.088 278.919 587.018 307.362
P2239 0.00204 350.91 306.133 352.838 275.851 311.907 273.245 309.979 303.527
P2239 0.00197 942.797 96.139 947.45 68.711 925.689 65.019 921.036 92.448
P2239 0.00194 750.395 319.365 750.229 285.521 708.199 285.727 708.365 319.57
P2239 0.00148 402.395 303.463 402.955 272.504 365.791 271.832 365.232 302.791
P2239 0.00144 928.614 261.158 933.147 242.362 912.174 237.304 907.641 256.1
P2239 0.00129 218.467 37.466 218.423 22.856 193.476 22.93 193.52 37.541
P2239 0.00119 204.159 147.972 208.383 105.987 181.878 103.321 177.655 145.306
P2239 0.00106 195.051 257.259 195.604 236.467 50.095 232.595 49.542 253.387
P1051 0.03768 1074.473 704.023 1087.321 677.272 1062.03 665.125 1049.183 691.877
P1051 0.01638 1085.346 702.415 1094.218 673.362 1068.354 665.464 1059.482 694.517
P1051 0.01633 958.746 680.664 978.892 656.931 949.91 632.33 929.765 656.063
P1051 0.01602 1057.247 711.365 1070.869 691.081 1044.991 673.703 1031.369 693.986
P0300 0.00662 1397.469 807.123 1398.93 788.12 1382.024 786.821 1380.563 805.823
P0300 0.0057 1407.475 809.764 1408.933 792.085 1394.052 790.858 1392.594 808.537
P0300 0.00136 1284.65 841.294 1288.822 823.427 1274.451 820.071 1270.279 837.938
P0491 0.0017 2010.427 638.548 2022.32 616.878 1996.732 602.834 1984.839 624.504
P2236 0.00749 286.943 277.112 288.635 241.448 263.701 240.265 262.009 275.929
P2236 0.00655 1128.739 489.687 1130.076 446.476 1093.926 445.357 1092.589 488.569
P2236 0.00617 898.859 727.24 903.494 712.829 886.786 707.456 882.152 721.867
P2236 0.00581 1204.013 332.542 1205.941 317.654 1194.316 316.149 1192.388 331.036
P2236 0.0058 901.185 742.263 908.238 721.663 888.596 714.938 881.543 735.537
P2236 0.0037 114.054 788.75 125.779 739.243 86.795 730.01 75.07 779.517
P2236 0.00354 1150.564 642.199 1153.803 630.619 1134.481 625.215 1131.242 636.795
P2236 0.00352 616.62 637.813 634.954 629.729 621.732 599.74 603.398 607.823
P2236 0.00318 1196.624 711.866 1199.785 694.194 1181.608 690.942 1178.447 708.614
P2236 0.00299 171.091 612.292 177.527 571.082 137.655 564.855 131.219 606.065
P2236 0.00288 403.932 268.008 406.326 240.961 382.836 238.881 380.441 265.928
P2236 0.00254 71.874 720.771 78.857 676.924 34.768 669.902 27.785 713.749
P2214 0.00559 1023.53 432.854 1030.566 396.186 992.127 388.811 985.091 425.479
P2214 0.00507 1094.301 510.866 1098.038 472.946 1066.586 469.847 1062.849 507.767
P2214 0.00395 493.655 720.76 496.835 691.058 459.187 687.028 456.007 716.73
P2214 0.00337 842.949 361.271 848.889 318.87 811.823 313.678 805.883 356.078
P2214 0.00315 546.349 343.918 549.274 304.646 518.876 302.382 515.95 341.654
P2214 0.0031 199.946 530.925 209.375 490.454 176.266 482.74 166.837 523.211
P2214 0.00287 222.145 481.218 227.145 444.671 195.607 440.356 190.607 476.903
P2214 0.00273 932.221 396.83 938.897 355.815 900.942 349.637 894.266 390.652
P2214 0.00261 503.588 218.213 506.748 179.749 474.207 177.076 471.047 215.539
P2214 0.00255 30.653 738.646 35.503 719.965 21.655 716.369 16.804 735.05
P2214 0.00252 1036.423 651.827 1044.045 616.801 1012.16 609.862 1004.537 644.888
P2214 0.00242 1083.754 560.108 1085.986 519.901 1045.54 517.656 1043.309 557.864
P2214 0.00217 576.388 517.342 582.379 476.672 550.515 471.978 544.524 512.648
P2214 0.00216 262.093 603.711 268.009 564.227 234.869 559.262 228.953 598.746
P2214 0.00211 332.412 418.397 338.728 380.862 305.46 375.264 299.144 412.799
P2214 0.00208 1202.236 811.009 1209.886 790.946 1199.565 787.011 1191.916 807.074
P2214 0.00177 552.254 744.747 554.544 723.794 535.616 721.725 533.326 742.679
P2214 0.00176 345.009 626.274 345.103 592.584 309.532 592.484 309.438 626.175
P2220 0.04487 842.802 661.912 849.886 645.534 831.107 637.412 824.023 653.79
P2220 0.0237 984.479 744.414 993.677 715.661 976.573 710.189 967.375 738.942
P2220 0.02277 861.593 642.477 868.694 627.904 849.566 618.582 842.464 633.155
P2220 0.01997 994.275 739.605 1000.304 714.298 983.619 710.323 977.59 735.63
P2220 0.01296 869.134 635.521 876.735 624.324 857.485 611.257 849.884 622.455
P2220 0.00818 802.777 661.344 805.69 642.081 785.958 639.097 783.045 658.36
P2220 0.00812 856.29 588.411 860.327 567.447 836.305 562.821 832.267 583.785
P2220 0.00783 943.375 675.954 943.574 648.644 911.641 648.411 911.442 675.721
P2220 0.00714 444.066 283.702 454.263 223.952 395.571 213.935 385.374 273.686
P2220 0.0063 837.006 790.922 844.948 781.166 836.919 774.629 828.977 784.385
P2220 0.00625 855.487 648.655 864.619 634.804 845.455 622.17 836.323 636.021
P0815 0.03908 176.186 29.398 185.376 13.939 167.664 3.409 158.474 18.868
P1128 0.01061 761.805 616.912 815.559 447.009 592.813 376.538 539.059 546.441
P1128 0.00961 453.695 1023.326 481.49 834.985 154.816 786.776 127.021 975.117
P1128 0.00273 1278.996 782.162 1343.671 688.817 1158.072 560.223 1093.397 653.568
P1128 0.00223 883.169 462.833 964.947 386.623 887.937 303.986 806.159 380.196
P1128 0.00205 1601.053 869.308 1796.961 697.641 1708.92 597.168 1513.012 768.834
P1128 0.00124 1383.254 774.301 1600.499 608.734 1465.819 432.018 1248.574 597.586
P0816 0.00102 336.787 520.9 337.645 504.895 326.11 504.277 325.253 520.282
P1213 0.00185 3695.41 2413.765 3744.425 2343.92 3672.586 2293.506 3623.571 2363.351
P0168 0.004 1266.056 1298.438 1270.179 1262.452 1242.065 1259.232 1237.942 1295.218
P0168 0.00396 1718.997 529.584 1721.203 499.296 1684.975 496.658 1682.769 526.946
P0168 0.00338 875.65 397.234 880.478 360.358 825.076 353.105 820.248 389.981
P0168 0.00272 857.936 832.103 866.638 722.595 768.971 714.835 760.27 824.343
P0168 0.00263 1639.163 1268.115 1644.167 1233.273 1612.613 1228.742 1607.61 1263.584
P0168 0.00242 1016.033 739.068 1023.026 605.075 896.123 598.452 889.13 732.445
P0168 0.0023 1531.476 748.446 1534.894 680.794 1467.098 677.369 1463.68 745.021
P0168 0.00217 990.811 478.864 994.554 396.23 901.915 392.034 898.172 474.668
P0168 0.00216 1415.95 1302.611 1421.569 1228.463 1351.791 1223.176 1346.173 1297.324
P0168 0.00216 1648.167 1254.749 1652.753 1220.163 1616.81 1215.398 1612.224 1249.983
P0168 0.00186 982.114 902.886 990.748 775.988 867.064 767.573 858.43 894.471
P0168 0.00175 1512.278 809.629 1513.963 738.227 1439.304 736.466 1437.62 807.868
P0168 0.00156 1172.165 1222.538 1184.215 1182.294 1155.642 1173.738 1143.591 1213.982
P0168 0.00152 1513.613 933.057 1515.465 857.855 1454.66 856.357 1452.808 931.56
P0168 0.00133 1790.712 678.477 1794.435 596.52 1718.249 593.059 1714.526 675.017
P0168 0.00127 645.11 55.929 651.082 9.779 607.637 4.157 601.665 50.307
P0168 0.00111 1772.024 946.315 1775.567 860.899 1680.0 856.934 1676.457 942.351
P2181 0.00467 1105.808 141.942 1111.842 68.557 1022.192 61.186 1016.159 134.571
P2181 0.00139 812.93 1822.317 845.885 1771.975 814.261 1751.273 781.306 1801.615
P1463 0.02241 667.619 437.256 689.06 343.392 582.078 318.955 560.637 412.819
P1463 0.01515 478.165 329.464 491.741 259.725 426.404 247.006 412.828 316.745
P1463 0.01101 504.159 408.061 516.732 335.93 446.481 323.684 433.907 395.816
P1463 0.00683 188.081 136.104 200.078 58.381 137.204 48.677 125.207 126.4
P1463 0.00678 174.745 799.742 185.17 729.496 115.682 719.183 105.257 789.43
P1463 0.0043 769.557 350.281 804.435 232.468 697.869 200.919 662.99 318.732
P0194 0.01291 695.105 37.593 700.032 14.5 668.41 7.753 663.483 30.847
P0194 0.00259 77.774 233.82 78.753 197.071 50.848 196.328 49.869 233.077
P0194 0.00147 959.695 444.882 971.366 422.938 945.593 409.231 933.922 431.175
P1440 0.00128 1089.356 973.768 1215.336 701.667 1038.003 619.564 912.023 891.664
P0173 0.01424 770.771 579.972 817.759 518.258 770.483 482.263 723.495 543.977
P0173 0.01163 617.908 391.751 669.678 338.355 633.071 302.863 581.301 356.258
P0173 0.00704 438.805 253.611 462.308 146.44 368.434 125.853 344.931 233.024
P0173 0.00555 578.719 324.325 605.643 270.301 565.765 250.428 538.842 304.452
P0173 0.00499 741.274 524.101 747.405 452.731 691.636 447.941 685.505 519.31
P0173 0.00492 470.545 733.295 515.347 687.288 495.229 667.696 450.426 713.704
P0173 0.00249 913.322 496.906 929.719 482.734 896.179 443.928 879.781 458.1
P0173 0.00207 492.969 584.352 504.664 481.2 409.178 470.375 397.483 573.526
P0173 0.00194 624.239 645.95 634.186 567.426 555.327 557.436 545.38 635.961
P0173 0.00184 32.375 158.914 62.755 87.184 13.588 66.36 -16.792 138.09
P0173 0.00161 782.189 688.717 816.333 658.467 806.416 647.273 772.271 677.523
P0173 0.00156 852.335 438.121 867.131 424.384 850.645 406.627 835.849 420.364
P0173 0.00153 151.231 450.326 195.935 361.906 99.946 313.376 55.243 401.795
P0173 0.0013 786.831 573.094 812.666 530.187 783.139 512.409 757.304 555.315
P0173 0.00101 393.581 815.719 437.359 769.427 416.929 750.106 373.151 796.399
P2167 0.02497 500.04 500.524 539.763 435.616 474.745 395.826 435.023 460.734
P2167 0.00291 619.736 458.052 650.334 389.314 600.719 367.228 570.12 435.966
P2167 0.00186 537.953 773.874 550.093 754.06 512.734 731.169 500.593 750.983
P2167 0.00129 624.038 469.438 688.157 372.977 626.847 332.224 562.728 428.685
P2218 0.01636 288.643 653.555 301.532 618.462 274.912 608.685 262.023 643.778
P2218 0.01386 829.356 83.955 840.063 48.427 810.259 39.445 799.552 74.973
P2218 0.01124 789.313 127.646 797.199 89.055 763.692 82.208 755.806 120.8
P2218 0.00975 766.815 175.279 770.807 136.833 730.405 132.638 726.413 171.084
P2218 0.00958 429.185 509.53 441.081 467.95 409.829 459.008 397.933 500.589
P2218 0.00759 387.355 360.804 399.591 341.092 362.13 317.839 349.894 337.551
P2218 0.00722 716.869 216.514 730.513 178.435 696.74 166.334 683.096 204.413
P2218 0.00593 621.738 290.61 633.445 252.58 601.221 242.661 589.514 280.69
P2218 0.00562 518.395 426.167 529.875 386.067 495.374 376.19 483.894 416.29
P2218 0.00553 474.619 470.539 480.918 428.65 440.014 422.498 433.715 464.388
P2218 0.00455 88.048 585.328 111.052 556.106 91.936 541.058 68.931 570.28
P2218 0.00411 192.088 445.377 202.513 413.302 164.288 400.878 153.863 432.953
P2218 0.00402 522.719 90.486 528.179 69.759 511.13 65.268 505.67 85.995
P2218 0.00386 682.236 254.549 692.263 211.315 660.231 203.886 650.205 247.121
P2218 0.0032 369.762 341.042 381.256 312.829 350.907 300.464 339.412 328.677
P2218 0.00239 576.315 51.066 580.457 31.682 557.476 26.772 553.334 46.156
P2218 0.00214 590.09 325.224 594.004 288.556 562.232 285.165 558.319 321.833
P2218 0.00213 320.196 175.944 338.641 147.045 325.998 138.976 307.553 167.874
P2218 0.00168 529.04 91.196 535.793 70.797 516.843 64.523 510.09 84.923
P2218 0.00152 556.989 381.625 563.414 339.94 524.598 333.956 518.172 375.642
P0213 0.02346 181.523 1042.928 183.67 1024.155 159.796 1021.425 157.649 1040.198
P0213 0.02256 438.864 384.89 440.577 360.788 408.597 358.516 406.884 382.618
P0213 0.02088 484.749 380.458 485.778 351.795 439.661 350.139 438.632 378.803
P0213 0.01638 494.91 381.57 497.931 348.681 453.065 344.559 450.043 377.447
P0213 0.01526 260.837 224.368 262.814 198.982 233.644 196.711 231.667 222.098
P0969 0.00182 304.499 562.765 311.483 518.36 283.152 513.904 276.168 558.309
P0969 0.00177 406.952 359.156 412.49 311.457 382.068 307.925 376.53 355.625
P0969 0.00142 214.383 413.694 215.414 371.954 196.349 371.483 195.318 413.223
P2802 0.01139 694.142 4581.7 695.922 4458.51 594.82 4457.049 593.04 4580.239
P2802 0.00576 1462.352 5230.419 1461.704 5142.078 1408.161 5142.47 1408.809 5230.812
P2802 0.00544 1400.413 5232.199 1400.465 5155.824 1347.429 5155.788 1347.377 5232.163
P2802 0.00542 2281.036 4911.25 2285.615 4849.543 2233.592 4845.684 2229.014 4907.39
P2802 0.00518 494.75 603.975 501.565 563.81 460.467 556.837 453.652 597.002
P2802 0.00482 283.95 387.537 299.236 349.307 255.248 331.719 239.962 369.949
P2802 0.00462 2228.15 4928.049 2234.152 4861.729 2175.371 4856.41 2169.37 4922.729
P1156 0.29448 2145.479 1356.073 2200.158 1035.479 1940.242 991.149 1885.563 1311.743
P1156 0.18739 1344.827 2090.476 1406.762 1715.082 1117.464 1667.351 1055.528 2042.745
P1156 0.1641 2959.056 603.276 2980.919 384.622 2780.541 364.586 2758.677 583.239
P1156 0.16357 3206.91 410.416 3218.777 301.725 3121.219 291.074 3109.352 399.765
P1156 0.10791 2375.204 1120.593 2383.177 906.929 2188.978 899.683 2181.004 1113.346
P1156 0.10681 2673.701 892.949 2683.297 650.89 2466.253 642.286 2456.657 884.345
P1156 0.10367 754.33 2632.782 869.851 2128.292 433.469 2028.367 317.948 2532.856
P1156 0.08701 341.76 556.841 375.446 368.081 188.38 334.698 154.694 523.458
P1156 0.08315 1890.875 1549.567 1933.792 1260.303 1684.166 1223.267 1641.249 1512.531
P1156 0.08074 1563.491 1810.314 1614.961 1525.927 1364.53 1480.602 1313.059 1764.989
P1156 0.05631 1036.661 2370.111 1160.023 1886.387 730.913 1776.953 607.551 2260.678
P1156 0.05057 711.664 1137.502 853.302 850.872 585.305 718.441 443.667 1005.071
P1156 0.04318 2558.234 991.102 2567.425 742.757 2353.993 734.858 2344.802 983.203
P1156 0.03814 440.207 395.977 560.287 344.01 486.389 173.255 366.31 225.222
P1156 0.03571 371.872 415.771 507.225 279.902 415.164 188.191 279.811 324.059
P1156 0.03433 2782.786 748.342 2793.01 518.906 2601.799 510.386 2591.575 739.821
P1156 0.01348 530.655 2162.58 617.629 2069.542 489.332 1949.609 402.359 2042.647
P1156 0.01139 2691.662 782.641 2700.488 589.612 2531.169 581.87 2522.343 774.899
P1156 0.00979 344.395 451.996 476.208 237.748 309.705 135.308 177.891 349.556
P1156 0.00734 327.568 479.057 405.623 314.753 260.505 245.812 182.45 410.116
P1156 0.00688 326.713 663.034 401.821 256.0 25.09 186.483 -50.018 593.518
P1156 0.00662 512.39 344.987 601.806 298.811 512.977 126.8 423.561 172.975
P1156 0.00651 343.148 452.767 403.198 382.616 304.064 297.757 244.014 367.908
P1156 0.00502 330.53 435.946 419.925 333.178 327.285 252.593 237.89 355.362
P1156 0.00488 478.765 371.395 584.537 317.621 501.608 154.501 395.836 208.274
P1156 0.00443 343.873 2781.094 369.197 2543.849 158.959 2521.407 133.635 2758.653
P1156 0.00416 568.42 248.585 630.507 223.146 570.675 77.116 508.587 102.555
P1156 0.00398 640.686 198.265 717.163 176.171 680.529 49.365 604.053 71.459
P1156 0.00365 232.873 1520.139 295.428 1465.616 221.326 1380.597 158.771 1435.119
P1156 0.00322 3254.231 375.771 3268.225 268.717 3169.265 255.781 3155.271 362.835
P1156 0.00319 3026.933 525.464 3069.486 400.82 2937.794 355.861 2895.241 480.505
P1156 0.00274 1704.823 2025.589 1819.366 1971.277 1771.708 1870.766 1657.165 1925.078
P1156 0.00244 625.847 221.98 701.245 196.136 653.195 55.949 577.797 81.792
P1156 0.00205 2257.431 1606.234 2331.352 1504.595 2232.489 1432.692 2158.567 1534.332
P1156 0.00184 1338.391 632.797 1545.967 484.281 1361.943 227.079 1154.368 375.595
P1156 0.00175 3309.505 138.705 3330.69 47.836 3231.927 24.811 3210.742 115.68
P1156 0.00156 299.601 571.319 322.829 456.705 224.409 436.759 201.18 551.373
P1156 0.00145 490.739 290.547 601.908 194.863 486.889 61.229 375.72 156.913
P1156 0.00126 2995.331 917.362 3067.599 785.159 2954.758 723.475 2882.49 855.678
P1156 0.00122 293.319 221.888 354.463 125.101 253.782 61.497 192.637 158.284
P1156 0.00121 192.286 3099.945 196.368 2746.476 -37.055 2743.78 -41.138 3097.249
P1156 0.00113 2420.659 1430.466 2516.936 1330.691 2431.564 1248.313 2335.287 1348.089
P1156 0.00106 3250.39 949.809 3419.823 706.861 3266.427 599.882 3096.993 842.83
P0352 0.00213 1205.07 107.96 1222.781 91.057 1190.287 57.011 1172.576 73.915
P0217 0.01354 1265.028 657.148 1272.343 644.622 1258.115 636.313 1250.799 648.838
P0217 0.00902 1147.731 145.474 1150.224 132.78 1136.592 130.102 1134.099 142.796
P0217 0.00837 516.907 505.313 531.443 441.727 485.809 431.295 471.272 494.881
P1143 0.1665 1204.521 1822.515 1227.059 1621.906 1054.057 1602.47 1031.519 1803.078
P1143 0.04929 2962.421 4372.742 3013.761 4235.305 2875.251 4183.563 2823.911 4321.001
P1143 0.01956 2710.15 2684.125 2729.728 2583.532 2618.362 2561.858 2598.784 2662.451
P1143 0.01828 2853.874 3291.32 2868.878 3127.864 2737.633 3115.816 2722.628 3279.273
P1143 0.01823 1605.166 1659.324 1609.175 1408.146 1366.305 1404.27 1362.296 1655.448
P1143 0.01235 3047.565 3090.314 3082.032 2930.911 2910.156 2893.746 2875.688 3053.149
P1143 0.01212 4438.444 735.36 4447.308 552.457 4259.982 543.379 4251.118 726.282
P1143 0.00908 4226.951 496.037 4245.876 385.174 4138.854 366.905 4119.93 477.768
P1143 0.00792 3376.315 4131.718 3404.178 4006.16 3276.352 3977.795 3248.489 4103.353
P1143 0.00576 3065.206 4346.968 3113.562 4182.491 2966.486 4139.251 2918.13 4303.728
P1143 0.00574 4278.282 891.98 4292.0 715.205 4117.167 701.638 4103.45 878.412
P1143 0.0049 3466.643 2953.32 3501.959 2859.388 3414.46 2826.49 3379.143 2920.422
P1143 0.00451 4775.026 265.862 4785.125 166.751 4675.066 155.537 4664.967 254.648
P1143 0.00429 4841.229 5098.198 4856.019 4961.755 4740.803 4949.266 4726.013 5085.708
P1143 0.00335 5506.706 2115.806 5564.656 1906.669 5378.847 1855.182 5320.897 2064.319
P1143 0.00278 2764.984 3766.752 2810.159 3590.498 2665.601 3553.446 2620.426 3729.701
P1143 0.00261 3495.47 4866.722 3509.337 4583.618 3228.124 4569.844 3214.258 4852.949
P1143 0.00248 5828.105 424.135 5839.791 348.509 5781.525 339.505 5769.84 415.132
P1143 0.00216 4173.376 655.279 4187.528 559.705 4090.289 545.306 4076.136 640.88
P1143 0.00212 4914.822 1202.352 4932.405 1114.312 4842.892 1096.435 4825.309 1184.475
P1143 0.00205 4110.612 4427.334 4115.943 4164.526 3856.618 4159.266 3851.288 4422.075
P1143 0.00198 4726.507 2756.284 4752.163 2622.446 4648.871 2602.645 4623.215 2736.484
P1143 0.00187 637.853 2516.736 638.176 2298.961 394.538 2298.6 394.215 2516.375
P1143 0.00177 3845.059 313.912 3871.512 210.865 3780.294 187.449 3753.842 290.495
P1143 0.00174 5653.159 1549.598 5674.637 1453.751 5575.131 1431.454 5553.653 1527.301
P1143 0.00172 3091.807 3208.618 3132.163 2938.277 2881.497 2900.858 2841.142 3171.199
P1143 0.00172 5669.241 586.046 5709.683 547.606 5631.785 465.654 5591.344 504.095
P1143 0.00167 5656.677 1576.751 5689.295 1501.238 5619.056 1470.898 5586.438 1546.411
P1143 0.00158 4624.893 2651.231 4628.587 2423.162 4404.883 2419.539 4401.189 2647.607
P1143 0.00156 4097.849 954.358 4117.242 832.271 4001.34 813.861 3981.947 935.948
P1143 0.0015 5381.665 1152.767 5476.582 996.799 5368.969 931.31 5274.052 1087.278
P1143 0.00149 4194.888 953.769 4213.707 765.208 4044.841 748.355 4026.022 936.915
P1143 0.00144 4776.123 245.238 4781.478 111.195 4638.51 105.483 4633.155 239.527
P1143 0.00141 5558.364 2297.755 5630.815 2121.698 5487.659 2062.787 5415.208 2238.844
P1143 0.00137 850.762 2979.514 854.74 2748.135 646.266 2744.551 642.288 2975.93
P1143 0.00134 2360.383 3577.561 2426.301 3504.36 2326.4 3414.399 2260.482 3487.6
P1143 0.00133 4449.541 242.964 4458.375 100.425 4352.404 93.856 4343.569 236.396
P1143 0.00125 4891.764 1482.492 4928.125 1230.943 4730.763 1202.415 4694.403 1453.965
P1143 0.00115 1959.722 1587.661 1972.221 1281.294 1661.759 1268.628 1649.261 1574.996
P1143 0.00114 2412.282 1606.081 2413.708 1342.326 2164.002 1340.977 2162.576 1604.732
P1143 0.00111 4470.108 2389.337 4483.405 2183.589 4260.832 2169.204 4247.535 2374.953
P1143 0.00109 5413.806 2375.306 5492.958 2228.76 5383.406 2169.589 5304.253 2316.135
P1143 0.00104 3252.65 4249.128 3297.498 4072.742 3121.615 4028.023 3076.767 4204.408
P1143 0.00101 4697.948 196.29 4703.063 91.066 4596.796 85.9 4591.681 191.125
P1809 0.02239 2816.324 316.309 2825.852 188.82 2725.565 181.325 2716.037 308.814
P0056 0.00728 402.736 214.062 409.741 188.454 381.393 180.7 374.388 206.307
P0056 0.00258 376.984 210.977 379.353 190.259 352.164 187.15 349.795 207.868
P0056 0.00178 342.031 210.464 341.989 186.626 320.885 186.663 320.926 210.501
P0056 0.00175 450.383 135.29 455.111 61.544 427.61 59.78 422.882 133.527
P0056 0.00143 333.486 210.787 334.115 186.806 313.381 186.261 312.751 210.242
P0056 0.00128 534.368 134.639 539.213 63.038 508.909 60.987 504.063 132.588
P0056 0.00119 305.335 208.835 305.839 184.538 286.411 184.135 285.908 208.432
P1561 0.0049 1972.697 1377.694 1984.585 1322.374 1910.939 1306.547 1899.051 1361.868
P1561 0.00328 1016.081 1095.017 1023.326 1018.27 954.694 1011.791 947.449 1088.538
P1561 0.00126 1399.735 1907.739 1409.201 1831.509 1348.907 1824.023 1339.442 1900.252
P1561 0.00104 1990.485 1414.085 2010.781 1343.364 1916.462 1316.296 1896.167 1387.017
P0179 0.02671 1949.166 638.259 1957.001 562.055 1884.808 554.632 1876.973 630.836
P0559 0.00262 841.645 794.882 854.764 746.104 823.01 737.563 809.891 786.342
P0932 0.00192 144.157 93.237 150.375 52.109 102.53 44.875 96.312 86.003
P1154 0.09791 480.519 3473.988 518.274 3271.292 311.183 3232.718 273.427 3435.414
P1154 0.09441 2038.854 2115.12 2071.04 1871.625 1857.556 1843.405 1825.369 2086.901
P1154 0.05296 2997.375 1209.083 3019.721 1027.646 2878.115 1010.205 2855.769 1191.642
P1154 0.02765 1848.107 2233.643 1862.515 2075.433 1702.078 2060.822 1687.67 2219.031
P1154 0.01414 3117.98 1601.719 3142.009 1487.135 3040.58 1465.865 3016.551 1580.449
P1154 0.01376 209.043 3279.019 257.5 3186.324 139.297 3124.531 90.84 3217.226
P1154 0.01174 858.878 3091.404 875.82 2934.115 716.503 2916.954 699.561 3074.243
P1154 0.00741 2885.003 1782.637 2942.551 1655.09 2851.218 1613.881 2793.669 1741.428
P1154 0.00668 970.008 2980.788 991.718 2807.847 842.557 2789.122 820.847 2962.063
P1154 0.00637 804.443 3163.846 822.822 2953.328 657.949 2938.934 639.569 3149.451
P1154 0.00608 2534.164 173.164 2553.251 51.81 2462.186 37.487 2443.099 158.841
P1154 0.00577 3148.061 1068.112 3155.799 964.896 3052.178 957.128 3044.441 1060.344
P1154 0.00562 676.681 3257.832 685.449 3089.525 525.302 3081.183 516.533 3249.489
P1154 0.00556 3586.839 1194.958 3627.729 1064.293 3529.416 1033.527 3488.526 1164.193
P1154 0.00494 1948.894 2187.208 1966.65 1982.14 1779.397 1965.926 1761.64 2170.995
P1154 0.0046 3610.214 391.01 3651.131 320.198 3537.509 254.543 3496.591 325.355
P1154 0.0045 2703.668 1520.781 2720.082 1291.158 2501.408 1275.527 2484.995 1505.15
P1154 0.00357 1395.966 2632.847 1424.453 2436.907 1245.965 2410.958 1217.479 2606.897
P1154 0.00315 1944.47 3724.032 1973.976 3571.088 1835.603 3544.393 1806.098 3697.337
P1154 0.00312 3602.937 679.193 3611.795 589.594 3528.504 581.36 3519.646 670.958
P1154 0.00261 1731.378 2348.01 1753.225 2166.56 1572.979 2144.858 1551.132 2326.309
P1154 0.0026 1254.226 2752.119 1272.473 2563.825 1088.509 2545.997 1070.261 2734.291
P1154 0.00243 254.074 3798.485 332.008 3333.823 -47.45 3270.179 -125.384 3734.842
P1154 0.00219 1948.161 3694.67 2009.857 3550.346 1854.813 3484.068 1793.118 3628.393
P1154 0.00215 2778.797 2054.617 2836.604 1912.381 2684.848 1850.706 2627.041 1992.942
P1154 0.00206 3386.613 883.076 3395.752 730.397 3260.362 722.292 3251.223 874.971
P1154 0.00197 1165.606 2888.75 1195.495 2632.257 967.28 2605.663 937.391 2862.156
P1154 0.00184 2830.068 1387.505 2850.694 1170.272 2633.126 1149.615 2612.5 1366.848
P1154 0.00176 1528.645 2568.52 1558.524 2306.486 1334.033 2280.887 1304.154 2542.922
P1154 0.00169 3226.785 1054.48 3245.529 852.155 3081.304 836.941 3062.56 1039.265
P1154 0.00131 2785.086 1974.674 2822.19 1868.305 2721.182 1833.072 2684.078 1939.44
P1154 0.00131 735.172 3229.455 754.306 3029.62 577.9 3012.729 558.766 3212.564
P1154 0.00119 2665.548 1965.416 2717.025 1855.141 2634.645 1816.685 2583.168 1926.961
P1154 0.00118 2224.226 2330.51 2248.619 2238.544 2167.021 2216.901 2142.628 2308.868
P1154 0.00111 1812.885 2286.709 1832.795 2083.258 1629.888 2063.401 1609.978 2266.852
P1154 0.00103 3542.52 233.17 3549.936 120.513 3453.549 114.169 3446.134 226.825
P1720 0.00611 2072.083 1511.599 2096.303 1461.752 2048.427 1438.489 2024.207 1488.337
P1720 0.00328 2347.094 1857.653 2362.656 1817.68 2317.592 1800.134 2302.029 1840.108
P1720 0.00251 2152.842 2332.476 2160.423 2258.697 2103.844 2252.883 2096.262 2326.662
P1720 0.00178 1590.373 2022.528 1605.104 1930.972 1523.361 1917.82 1508.63 2009.376
P1720 0.00151 2616.891 2233.258 2629.579 2171.103 2562.315 2157.371 2549.626 2219.526
P1720 0.00107 2270.213 2184.397 2267.853 2115.895 2200.593 2118.212 2202.953 2186.714
P1601 0.00853 468.614 1963.004 479.596 1918.67 445.937 1910.333 434.955 1954.667
P1601 0.00722 1084.477 1362.851 1095.895 1319.948 1065.288 1311.803 1053.871 1354.706
P1619 0.00104 2613.678 506.48 2623.16 411.236 2540.949 403.051 2531.467 498.295
P1275 0.00701 2600.684 3393.769 2612.417 3339.904 2568.028 3330.234 2556.294 3384.099
P1275 0.00323 2823.404 3475.842 2833.783 3418.765 2780.92 3409.152 2770.54 3466.229
P1275 0.00275 2479.25 3341.973 2487.426 3296.744 2442.713 3288.662 2434.538 3333.891
P1275 0.00272 2554.997 3984.694 2560.463 3922.571 2514.258 3918.505 2508.792 3980.628
P1275 0.00265 2717.567 3441.435 2728.418 3385.115 2676.94 3375.198 2666.09 3431.518
P1275 0.00257 2654.437 3690.355 2689.166 3618.678 2643.017 3596.318 2608.288 3667.994
P1275 0.00236 2921.73 3513.678 2931.507 3457.18 2878.609 3448.027 2868.833 3504.525
P1275 0.00216 3189.596 1253.655 3195.432 1194.506 3099.051 1184.997 3093.215 1244.145
P2599 0.00168 711.718 1171.151 722.199 1114.066 687.046 1107.611 676.564 1164.697
P0161 0.01495 1158.58 1378.799 1158.69 1319.16 1100.257 1319.052 1100.147 1378.691
P0161 0.0071 919.365 2187.777 922.424 2142.852 886.603 2140.414 883.544 2185.339
P0161 0.00619 727.3 1409.53 730.21 1371.008 698.457 1368.609 695.547 1407.131
P0161 0.00593 1151.173 1141.321 1151.31 1104.706 1119.399 1104.586 1119.262 1141.202
P0161 0.00562 1117.08 1080.183 1122.129 1041.864 1086.323 1037.146 1081.274 1075.466
P1178 0.03643 1492.248 402.265 1504.804 321.509 1455.955 313.913 1443.399 394.67
P1178 0.0294 2329.509 3173.992 2339.373 3105.874 2279.348 3097.181 2269.484 3165.3
P1178 0.02585 2293.62 3165.252 2303.518 3100.462 2248.466 3092.052 2238.568 3156.842
P1178 0.02022 1541.251 389.57 1552.105 321.884 1500.634 313.63 1489.78 381.316
P1178 0.01376 1522.994 382.825 1531.546 310.754 1476.91 304.271 1468.358 376.342
P1178 0.01288 1031.824 3476.72 1039.236 3389.062 972.575 3383.426 965.163 3471.083
P1178 0.01171 2202.58 3146.478 2209.552 3089.335 2161.258 3083.443 2154.286 3140.585
P1178 0.01054 1809.928 523.276 1814.717 451.771 1773.573 449.015 1768.783 520.521
P1178 0.0091 2830.988 2361.385 2836.086 2306.08 2778.382 2300.76 2773.284 2356.065
P1178 0.00873 1326.122 3216.47 1328.018 3138.156 1217.189 3135.472 1215.293 3213.787
P1178 0.00871 2551.82 1541.081 2554.842 1492.716 2508.282 1489.807 2505.26 1538.172
P1178 0.00822 1649.948 477.316 1670.066 381.229 1620.354 370.821 1600.236 466.908
P1178 0.00786 1788.915 446.23 1799.999 383.118 1753.456 374.944 1742.372 438.056
P1133 0.01537 265.703 383.094 284.39 326.918 242.695 313.048 224.008 369.224
P1133 0.01457 369.425 553.776 423.718 426.841 244.263 350.085 189.971 477.02
P1133 0.00956 723.2 760.569 725.119 717.979 684.134 716.132 682.214 758.723
P1133 0.00235 983.711 678.78 1033.875 633.458 980.809 574.724 930.645 620.046
P1133 0.00213 479.607 612.093 479.294 565.975 438.791 566.25 439.105 612.368
P1133 0.0021 253.552 715.07 268.953 595.545 201.553 586.86 186.151 706.385
P1133 0.00207 772.684 715.777 837.528 681.244 814.799 638.564 749.955 673.096
P1133 0.00204 903.73 591.295 946.669 557.026 908.713 509.466 865.774 543.735
P1133 0.00186 941.869 611.705 977.797 559.894 948.787 539.777 912.859 591.588
P1133 0.00178 848.761 676.849 855.991 642.243 826.826 636.149 819.595 670.755
P1133 0.00162 856.864 661.378 860.91 638.799 839.025 634.877 834.978 657.456
P1133 0.0016 726.492 776.417 729.063 736.091 690.793 733.651 688.222 773.977
P1133 0.00153 733.888 750.342 734.785 694.406 686.986 693.639 686.089 749.576
P1133 0.00127 734.274 731.276 737.31 696.061 699.35 692.788 696.314 728.004
P1133 0.00115 403.473 754.201 456.755 745.294 432.542 600.449 379.26 609.356
P1134 0.13719 1173.557 843.191 1183.216 771.927 1090.985 759.427 1081.326 830.691
P1134 0.08126 351.6 865.767 369.493 714.168 289.385 704.713 271.492 856.312
P1134 0.07124 1778.28 1397.275 1794.965 1326.902 1731.619 1311.882 1714.933 1382.256
P1134 0.05694 931.217 651.058 940.513 584.529 873.101 575.109 863.804 641.638
P1134 0.03479 1082.823 1555.34 1146.068 1342.409 1000.206 1299.084 936.96 1512.015
P1134 0.03054 399.656 881.836 407.806 837.452 358.355 828.372 350.205 872.756
P1134 0.02172 747.813 442.666 753.37 388.092 695.87 382.237 690.313 436.812
P1134 0.0198 442.595 925.871 458.795 897.427 411.407 870.438 395.208 898.883
P1134 0.01547 812.226 821.015 849.388 626.606 686.147 595.401 648.984 789.81
P1134 0.01083 1830.839 1842.751 1840.822 1526.014 1498.136 1515.213 1488.153 1831.95
P1134 0.01073 324.916 894.157 331.795 845.604 285.515 839.047 278.636 887.6
P1134 0.01062 1458.269 1495.212 1476.216 1442.984 1434.894 1428.784 1416.946 1481.011
P1134 0.00948 792.47 1024.869 835.13 929.021 777.578 903.406 734.919 999.254
P1134 0.00746 1201.077 1687.599 1255.796 1664.823 1219.493 1577.605 1164.773 1600.381
P1134 0.00565 399.106 532.923 412.435 489.61 351.003 470.704 337.673 514.018
P1134 0.00563 780.368 992.532 833.602 667.62 502.928 613.443 449.695 938.355
P1134 0.00519 1388.503 1582.232 1473.352 1480.756 1410.582 1428.272 1325.734 1529.747
P1134 0.00475 271.301 867.462 287.422 803.562 251.648 794.537 235.527 858.437
P1134 0.0043 1367.294 1576.639 1427.986 1507.776 1396.087 1479.662 1335.394 1548.525
P1134 0.00388 806.672 1044.064 876.824 899.339 773.049 849.037 702.897 993.762
P1134 0.00376 459.763 934.686 488.615 871.403 400.826 831.378 371.974 894.661
P1134 0.00353 376.036 903.935 388.928 782.438 290.092 771.951 277.2 893.448
P1134 0.00287 328.498 892.971 341.354 820.269 285.994 810.48 273.139 883.182
P1134 0.00237 1344.401 1636.699 1463.621 1515.617 1401.242 1454.197 1282.021 1575.279
P1134 0.00237 357.514 903.988 368.458 835.013 300.023 824.154 289.079 893.129
P1134 0.00224 747.839 471.042 767.654 390.654 689.082 371.286 669.267 451.673
P1134 0.00219 448.441 943.473 471.704 882.887 383.693 849.095 360.431 909.682
P1134 0.00204 513.401 747.521 607.111 672.182 537.335 585.392 443.625 660.731
P1134 0.00182 303.644 896.509 363.713 749.551 259.443 706.931 199.374 853.889
P1134 0.00118 1051.254 1553.703 1068.991 1498.75 1015.761 1481.569 998.024 1536.522
P1134 0.00106 1419.65 1591.252 1511.105 1448.546 1442.942 1404.862 1351.486 1547.569
P0476 0.01397 102.9 123.799 106.663 68.148 73.76 65.923 69.998 121.574
P0396 0.00379 59.458 272.704 83.314 247.66 76.095 240.783 52.239 265.827
P0396 0.00368 9.168 306.504 15.591 289.097 -1.467 282.802 -7.89 300.21
P0396 0.00342 13.933 332.738 28.008 305.89 10.813 296.876 -3.261 323.723
P0396 0.00314 863.153 96.374 886.045 77.204 857.836 43.519 834.944 62.689
P0396 0.00271 44.87 256.963 69.74 229.631 61.653 222.273 36.783 249.604
P0396 0.0026 51.424 265.948 75.74 239.939 66.8 231.581 42.483 257.59
P0396 0.00227 18.54 361.362 45.678 328.844 28.581 314.575 1.442 347.093
P0396 0.00193 16.427 370.823 25.411 342.831 1.107 335.031 -7.877 363.022
P0396 0.00182 95.473 307.955 114.241 283.732 106.837 277.995 88.069 302.218
P0396 0.00172 29.672 346.393 42.139 323.211 25.753 314.399 13.287 337.581
P0396 0.00148 873.982 98.119 891.047 70.32 864.307 53.906 847.243 81.704
P0396 0.00119 113.081 323.856 131.58 296.596 121.758 289.931 103.259 317.19
P0396 0.00114 28.319 242.884 54.652 213.929 45.339 205.459 19.006 234.414
P0396 0.00113 73.835 287.458 100.291 259.587 92.641 252.326 66.185 280.196
P0396 0.00103 24.171 383.924 43.7 342.503 15.444 329.182 -4.084 370.603
P1483 0.85596 810.65 1555.579 817.703 1413.97 683.902 1407.305 676.849 1548.914
P1483 0.58347 1032.542 498.178 1044.854 295.676 905.61 287.211 893.299 489.713
P1483 0.55059 1060.624 1541.059 1071.96 1407.005 942.19 1396.031 930.854 1530.086
P1483 0.45555 534.357 497.779 547.074 272.48 365.214 262.215 352.498 487.515
P1483 0.42386 788.912 1074.861 813.353 866.883 654.093 848.167 629.651 1056.145
P1483 0.00397 1056.73 399.686 1069.306 283.278 933.386 268.595 920.81 385.003
P1483 0.00229 1123.949 1848.497 1211.535 1727.207 1092.75 1641.43 1005.164 1762.719
P1483 0.00115 542.966 386.651 558.67 313.181 478.314 296.005 462.61 369.475
P1483 0.00109 458.099 656.521 476.967 548.092 429.964 539.913 411.096 648.342
P2215 0.01006 566.883 503.713 569.245 489.091 555.247 486.83 552.885 501.451
P2215 0.00788 639.962 300.048 645.681 248.215 593.585 242.467 587.866 294.3
P2215 0.00415 155.372 675.602 161.268 639.409 130.923 634.465 125.026 670.658
P2215 0.00406 527.98 353.945 537.383 312.714 494.42 302.916 485.017 344.147
P2215 0.004 211.707 597.96 217.618 561.18 188.629 556.521 182.718 593.301
P2215 0.00363 330.043 443.47 337.976 409.314 309.043 402.595 301.11 436.75
P2215 0.00356 291.399 660.964 298.965 624.376 268.177 618.009 260.611 654.597
P2215 0.00305 564.959 455.913 569.227 420.576 535.847 416.544 531.579 451.882
P2215 0.00238 593.379 418.064 600.782 380.385 570.264 374.389 562.861 412.068
P2215 0.00223 184.555 636.346 191.576 599.709 160.361 593.727 153.34 630.364
P2215 0.00215 94.18 755.358 101.648 716.865 72.616 711.233 65.148 749.726
P2215 0.00213 559.082 511.822 563.317 495.535 549.375 491.91 545.14 508.197
P2215 0.00193 715.404 232.628 720.778 200.813 685.239 194.811 679.865 226.626
P2215 0.0019 350.638 581.688 358.171 545.668 327.473 539.248 319.939 575.267
P2215 0.00187 679.204 201.954 682.891 170.318 645.472 165.957 641.785 197.593
P2215 0.00181 393.664 774.864 395.611 766.964 384.977 764.344 383.03 772.244
P2215 0.00176 265.884 698.066 270.664 664.536 235.209 659.482 230.429 693.012
P2215 0.00172 125.7 709.957 128.08 684.524 99.417 681.841 97.036 707.274
P2215 0.00166 554.047 173.481 554.533 142.455 518.96 141.897 518.474 172.923
P2215 0.00155 443.525 458.604 444.79 430.359 419.457 429.225 418.193 457.47
P2215 0.00142 605.086 169.614 605.128 139.648 567.66 139.597 567.619 169.562
P2215 0.00104 242.505 559.281 245.586 526.321 217.829 523.726 214.748 556.686
P2215 0.001 301.435 482.523 309.843 445.83 280.298 439.06 271.89 475.753
P0499 0.00142 189.157 1224.226 221.31 1154.337 165.886 1128.839 133.733 1198.728
P2539 0.01782 30.523 57.684 30.82 28.178 0.041 27.868 -0.256 57.375
P2539 0.01591 29.89 36.126 32.225 3.472 3.597 1.425 1.262 34.079
P2539 0.00499 28.695 74.475 28.662 55.161 -2.217 55.213 -2.184 74.527
P1088 0.02876 1425.505 1117.571 1430.277 1060.363 1382.937 1056.414 1378.165 1113.622
P1088 0.0276 838.838 132.472 848.049 83.574 818.131 77.938 808.92 126.837
P1088 0.02412 1420.076 1028.329 1421.853 970.326 1393.298 969.451 1391.521 1027.454
P1088 0.01241 1240.034 102.265 1247.351 26.811 1190.234 21.273 1182.917 96.726
P1088 0.01 609.113 272.466 609.188 225.146 534.992 225.028 534.917 272.348
P1088 0.00566 409.848 271.409 410.854 221.454 352.93 220.287 351.924 270.242
P1088 0.0052 1421.836 941.477 1421.954 886.059 1395.388 886.003 1395.271 941.421
P1088 0.00455 503.665 546.624 507.374 485.186 435.283 480.833 431.574 542.271
P1088 0.00423 71.227 1051.879 77.878 1018.893 39.902 1011.237 33.252 1044.223
P1088 0.003 916.223 552.287 918.817 489.962 839.723 486.67 837.129 548.995
P1088 0.0029 1023.573 550.689 1024.52 487.213 956.294 486.195 955.347 549.671
P1088 0.00275 1416.705 853.041 1420.027 812.327 1397.689 810.504 1394.367 851.219
P1088 0.00237 922.287 280.767 923.556 222.454 835.587 220.54 834.318 278.853
P1088 0.00224 607.145 548.006 609.166 487.978 529.207 485.286 527.186 545.314
P1088 0.00216 874.631 1309.04 889.064 1180.519 763.371 1166.403 748.938 1294.924
P1088 0.00209 812.586 283.507 814.946 225.173 742.706 222.251 740.347 280.585
P1088 0.00205 1017.255 279.481 1019.801 227.686 935.279 223.533 932.733 275.328
P1088 0.00185 1435.588 1124.965 1449.19 1055.869 1400.917 1046.366 1387.315 1115.463
P1088 0.0017 398.47 543.576 405.438 473.635 329.453 466.065 322.484 536.006
P1088 0.00152 812.678 550.797 814.252 477.401 730.47 475.604 728.896 549.0
P1088 0.00147 230.801 325.758 233.133 298.461 191.419 294.898 189.087 322.195
P1088 0.00146 1438.759 1038.658 1446.054 963.145 1402.443 958.932 1395.148 1034.445
P1088 0.00146 113.304 1060.301 130.871 1010.56 90.754 996.392 73.186 1046.132
P1088 0.0014 1118.792 287.604 1122.647 225.965 1040.004 220.796 1036.149 282.435
P1088 0.00139 1420.3 553.215 1426.093 494.549 1400.136 491.986 1394.343 550.652
P1088 0.00137 1435.67 945.545 1439.751 879.875 1402.737 877.574 1398.656 943.244
P1088 0.00127 1416.243 786.352 1419.428 760.945 1401.322 758.675 1398.137 784.082
P1088 0.00122 1359.643 195.274 1374.272 156.667 1361.0 151.638 1346.372 190.245
P1088 0.00115 492.986 901.171 496.442 818.975 412.88 815.461 409.424 897.658
P1088 0.00105 658.498 916.506 668.124 788.714 544.412 779.396 534.786 907.187
P1088 0.00102 1156.26 1819.715 1173.029 1631.767 995.314 1615.911 978.545 1803.859
P2420 0.00248 535.731 695.411 537.711 659.517 488.253 656.789 486.273 692.683
P2791 0.02498 2901.2 4879.677 2919.697 4745.458 2816.507 4731.237 2798.01 4865.457
P2791 0.01891 2923.455 4912.919 2946.495 4784.297 2841.804 4765.544 2818.764 4894.167
P2791 0.0161 4952.931 6057.566 4958.764 5938.806 4862.254 5934.066 4856.421 6052.826
P2791 0.00666 1174.458 4728.716 1216.13 4661.029 1102.311 4590.955 1060.639 4658.642
P2791 0.00642 973.267 2586.219 990.102 2503.568 903.806 2485.991 886.971 2568.642
P2791 0.00483 4693.152 4466.813 4708.274 4366.298 4622.844 4353.445 4607.722 4453.961
P2791 0.00416 1354.314 3135.211 1377.487 3014.506 1282.491 2996.269 1259.318 3116.974
P2791 0.00364 2211.062 5657.77 2264.335 5562.094 2143.379 5494.745 2090.105 5590.42
P2791 0.00347 2741.41 2636.454 2751.945 2495.072 2608.161 2484.358 2597.626 2625.74
P2791 0.00338 999.747 4471.162 1023.247 4429.965 904.908 4362.462 881.408 4403.659
P2791 0.00337 4926.19 6019.542 4932.041 5836.402 4818.353 5832.77 4812.502 6015.911
P2791 0.00333 1228.664 4651.657 1295.684 4580.859 1188.774 4479.653 1121.754 4550.451
P2791 0.00241 870.708 4374.575 891.645 4326.1 808.005 4289.976 787.068 4338.451
P2791 0.00228 4940.702 4486.45 4952.905 4383.734 4851.975 4371.743 4839.771 4474.458
P2791 0.00223 587.969 718.266 595.313 461.357 362.616 454.706 355.272 711.614
P2791 0.00203 3854.291 4337.09 3880.612 4143.537 3694.11 4118.174 3667.788 4311.728
P2791 0.00202 1204.236 4689.651 1251.962 4600.25 1110.387 4524.672 1062.661 4614.074
P2791 0.00201 4765.461 5999.55 4782.455 5900.437 4703.785 5886.948 4686.791 5986.061
P2791 0.00188 1423.629 4840.454 1458.353 4792.721 1335.088 4703.052 1300.365 4750.785
P2791 0.00185 1700.233 3117.125 1712.979 2923.128 1531.458 2911.202 1518.711 3105.199
P2791 0.00183 2098.453 2161.387 2111.7 1985.837 1944.686 1973.235 1931.439 2148.785
P2791 0.00171 4355.386 4755.196 4370.861 4567.865 4203.466 4554.037 4187.99 4741.368
P2791 0.00132 2427.454 3730.271 2453.561 3485.292 2234.699 3461.968 2208.593 3706.947
P2791 0.00124 3083.138 4326.669 3093.928 4104.274 2883.812 4094.081 2873.022 4316.476
P2791 0.0012 4019.821 4988.708 4041.465 4821.179 3876.113 4799.817 3854.469 4967.345
P2791 0.00119 4606.222 5476.363 4606.645 5307.738 4426.785 5307.287 4426.362 5475.912
P2791 0.00118 615.086 2591.445 638.197 2498.872 553.599 2477.752 530.488 2570.326
P2342 0.00296 1271.99 2379.997 1269.817 2360.268 1241.731 2363.362 1243.905 2383.091
P1583 0.01264 2360.336 3801.132 2377.936 3748.581 2333.74 3733.779 2316.14 3786.329
P1583 0.00974 2337.432 3801.882 2328.966 3737.088 2289.538 3742.24 2298.004 3807.033
P1583 0.00507 2290.612 3808.699 2303.967 3754.76 2264.047 3744.876 2250.692 3798.815
P1583 0.00443 2428.037 3795.72 2451.151 3752.966 2405.804 3728.449 2382.689 3771.203
P1583 0.00403 523.186 3534.883 538.467 3455.786 485.27 3445.509 469.989 3524.605
P1583 0.00343 1336.811 4046.811 1328.61 3979.785 1291.872 3984.28 1300.073 4051.306
P1583 0.00342 2255.374 3834.192 2263.289 3772.431 2204.443 3764.89 2196.528 3826.65
P1583 0.00307 2454.752 3799.222 2445.927 3727.313 2403.965 3732.463 2412.791 3804.373
P1583 0.00303 1623.188 3801.101 1625.124 3743.565 1568.376 3741.656 1566.44 3799.191
P1583 0.00301 1923.409 3753.454 1937.297 3691.396 1877.538 3678.023 1863.651 3740.081
P1583 0.00275 957.086 2443.283 976.395 2349.537 927.512 2339.469 908.203 2433.215
P1583 0.00241 1410.287 4007.873 1400.075 3948.614 1363.104 3954.985 1373.317 4014.244
P1672 0.00142 2682.423 416.704 2690.461 356.238 2641.09 349.674 2633.052 410.141
P2231 0.03893 539.518 578.571 542.153 541.275 514.749 539.339 512.114 576.635
P2231 0.02172 530.836 574.165 528.994 538.885 504.568 540.16 506.41 575.44
P2231 0.01667 249.237 581.843 251.783 549.049 229.561 547.324 227.015 580.118
P2231 0.01522 597.036 1219.296 598.636 1159.019 558.488 1157.953 556.888 1218.23
P2231 0.01366 209.464 567.676 210.244 543.464 188.984 542.778 188.203 566.991
P0246 0.00801 661.395 713.919 682.17 645.376 657.762 637.978 636.987 706.522
P0712 0.0025 58.073 1040.723 61.915 1028.597 46.778 1023.799 42.935 1035.925
P0841 0.0084 1788.285 52.594 1797.066 30.049 1768.18 18.798 1759.399 41.342
P0841 0.00717 2246.96 433.203 2257.788 409.634 2224.559 394.369 2213.731 417.938
P0841 0.00673 1937.137 131.319 1946.625 110.28 1922.58 99.438 1913.093 120.476
P0841 0.0062 1911.864 112.706 1917.972 93.101 1897.88 86.841 1891.772 106.446
P0841 0.00615 2394.543 2804.133 2406.2 2763.851 2376.175 2755.162 2364.518 2795.444
P0841 0.00614 1850.944 207.221 1860.331 185.591 1829.936 172.401 1820.55 194.032
P0841 0.00573 1797.146 300.277 1803.516 282.166 1776.629 272.709 1770.259 290.82
P0841 0.0057 2039.059 309.04 2046.405 291.931 2004.883 274.103 1997.537 291.211
P0841 0.00533 2339.99 605.853 2345.675 587.451 2318.494 579.055 2312.81 597.456
P0841 0.00533 2317.874 595.099 2325.438 569.902 2296.699 561.275 2289.135 586.472
P0841 0.00509 2019.132 433.475 2029.704 411.232 1996.903 395.642 1986.331 417.885
P0841 0.00508 1760.106 30.894 1768.255 10.271 1736.583 -2.243 1728.434 18.38
P0841 0.00506 2237.791 422.158 2245.034 406.328 2203.816 387.469 2196.573 403.299
P0841 0.00474 2396.564 514.476 2404.18 485.1 2361.885 474.134 2354.269 503.51
P0841 0.00474 1834.97 200.266 1845.451 174.715 1812.393 161.154 1801.912 186.705
P0841 0.00451 1778.008 294.646 1790.05 269.214 1766.328 257.981 1754.285 283.413
P0081 0.00473 87.388 382.767 104.086 313.095 34.938 296.523 18.24 366.194
P0081 0.00291 187.084 74.332 192.174 55.074 173.979 50.264 168.889 69.522
P0081 0.00179 73.343 320.081 92.943 266.724 48.654 250.455 29.053 303.811
P2778 0.00338 326.672 579.833 344.229 555.681 324.587 541.402 307.03 565.554
P2778 0.00327 370.436 541.775 381.618 518.345 361.732 508.854 350.55 532.284
P2778 0.00287 499.318 1627.987 516.138 1577.633 470.809 1562.492 453.989 1612.846
P0647 0.0067 341.862 28.748 368.208 3.15 344.69 -21.055 318.344 4.542
P1149 0.20555 1572.49 3631.917 1582.395 3290.247 1246.059 3280.497 1236.155 3622.167
P1149 0.09175 2704.997 740.829 2808.959 495.086 2619.49 414.93 2515.527 660.673
P1149 0.07448 1662.379 3977.116 1680.01 3733.925 1462.194 3718.134 1444.563 3961.325
P1149 0.06072 1653.936 1672.771 1786.933 1404.56 1532.459 1278.376 1399.462 1546.587
P1149 0.03098 2550.213 885.776 2607.448 656.12 2374.786 598.135 2317.551 827.791
P1149 0.02681 1901.804 1385.021 1962.132 1156.984 1745.103 1099.568 1684.774 1327.605
P1149 0.01479 2141.858 1224.261 2183.003 996.416 2000.689 963.493 1959.544 1191.338
P1149 0.01318 1368.478 3114.084 1489.721 3046.325 1358.071 2810.761 1236.828 2878.52
P1149 0.0058 1668.887 3134.299 1724.23 3060.129 1620.984 2983.089 1565.64 3057.259
P1149 0.00551 1309.8 2941.074 1397.463 2822.467 1301.513 2751.551 1213.85 2870.158
P1149 0.00523 1213.675 2387.415 1263.877 2229.831 1130.76 2187.423 1080.557 2345.007
P1149 0.00459 2269.671 998.937 2318.211 875.517 2196.153 827.514 2147.614 950.934
P1149 0.00414 1312.656 2892.683 1386.735 2795.746 1287.902 2720.218 1213.822 2817.155
P1149 0.00372 2839.276 580.336 2875.548 415.993 2706.26 378.629 2669.988 542.971
P1149 0.0035 1246.502 2337.787 1271.913 2173.859 1121.026 2150.469 1095.615 2314.397
P1149 0.00283 166.239 2571.171 192.955 2485.155 85.32 2451.725 58.604 2537.741
P1149 0.00281 1324.31 3233.738 1532.622 3119.785 1332.918 2754.716 1124.606 2868.669
P1149 0.00248 687.18 1431.444 701.782 1328.438 589.89 1312.576 575.288 1415.582
P1149 0.00236 1216.863 2162.655 1217.365 2065.368 1113.697 2064.834 1113.195 2162.12
P1149 0.00207 1411.313 3088.47 1544.318 3027.002 1420.556 2759.206 1287.551 2820.674
P1149 0.00193 268.051 1377.335 277.387 1274.356 185.838 1266.057 176.503 1369.035
P1149 0.00168 2272.302 1068.136 2366.478 898.002 2215.975 814.692 2121.798 984.826
P1147 0.09336 2149.933 4853.827 2186.712 4686.676 2041.131 4654.643 2004.352 4821.793
P1147 0.04202 1997.885 4685.09 2014.271 4568.021 1892.076 4550.917 1875.69 4667.987
P1147 0.03205 3477.595 3908.691 3517.977 3772.128 3347.58 3721.742 3307.198 3858.305
P1147 0.01891 2148.607 1771.285 2168.763 1596.098 2006.371 1577.414 1986.215 1752.601
P1147 0.00956 900.74 5882.199 1087.675 5720.541 998.372 5617.276 811.438 5778.935
P1147 0.00884 3525.158 3910.478 3572.266 3756.417 3418.678 3709.454 3371.57 3863.514
P1147 0.00833 3875.24 1862.256 3948.988 1744.125 3845.002 1679.208 3771.254 1797.338
P1147 0.00772 2402.955 5322.814 2431.608 5201.562 2311.704 5173.227 2283.051 5294.479
P1147 0.00647 897.369 5826.595 1065.975 5629.388 932.493 5515.265 763.887 5712.472
P1147 0.00486 1289.306 997.824 1302.503 734.915 1050.355 722.258 1037.158 985.167
P1147 0.00455 2984.745 4244.959 3003.518 4121.296 2859.843 4099.484 2841.069 4223.147
P1147 0.00372 2262.782 5550.26 2305.553 5455.219 2145.925 5383.381 2103.153 5478.422
P1147 0.00355 2411.523 5323.818 2450.842 5157.228 2277.928 5116.416 2238.609 5283.007
P1147 0.00329 2920.732 4061.718 2945.635 3904.505 2789.905 3879.837 2765.003 4037.05
P1147 0.00305 4364.416 5615.323 4360.056 5288.917 4072.895 5292.753 4077.256 5619.159
P1147 0.00252 2421.545 5648.15 2451.619 5556.053 2328.227 5515.76 2298.153 5607.857
P1147 0.0022 4013.526 4867.867 4039.542 4662.488 3838.116 4636.974 3812.1 4842.353
P1147 0.002 2557.765 5838.625 2589.95 5638.738 2382.447 5605.326 2350.261 5805.213
P1147 0.00195 4067.648 4851.744 4088.359 4531.006 3823.617 4513.912 3802.906 4834.649
P1147 0.00192 1138.709 3238.034 1197.975 3080.645 1072.696 3033.47 1013.43 3190.859
P1147 0.00173 851.261 5890.578 1046.77 5708.744 938.162 5591.969 742.653 5773.803
P1147 0.00168 2854.654 4037.549 2869.942 3904.149 2763.042 3891.898 2747.754 4025.298
P1147 0.00145 1302.546 5440.223 1314.063 5332.727 1201.315 5320.647 1189.798 5428.144
P1147 0.00123 3240.144 5333.124 3264.555 4930.439 2850.806 4905.357 2826.395 5308.042
P1147 0.00119 1056.199 3304.587 1129.383 3116.413 957.8 3049.682 884.616 3237.855
P1147 0.00108 1931.32 1896.057 1940.239 1541.319 1584.745 1532.38 1575.825 1887.118
P1103 0.00493 1125.599 1259.507 1141.861 1187.101 1106.866 1179.24 1090.604 1251.647
P1103 0.00282 989.939 155.845 1008.86 69.941 955.519 58.192 936.598 144.096
P1103 0.00277 641.072 806.303 643.869 756.609 595.549 753.89 592.752 803.584
P1103 0.00265 550.732 30.04 557.775 4.242 538.965 -0.894 531.922 24.905
P1103 0.00249 806.58 395.357 825.354 326.437 780.988 314.351 762.214 383.272
P1103 0.00241 0.727 1574.684 20.434 1566.038 5.793 1532.667 -13.913 1541.313
P1103 0.00215 574.915 48.017 584.653 15.502 564.917 9.591 555.178 42.106
P1103 0.00213 882.595 246.883 900.453 176.944 852.778 164.771 834.921 234.71
P1103 0.00154 926.612 281.531 934.445 230.573 897.675 224.922 889.842 275.88
P1103 0.0015 553.936 31.896 559.186 6.58 543.496 3.326 538.245 28.642
P1103 0.00145 561.664 39.031 569.738 10.394 551.784 5.332 543.711 33.969
P1103 0.00142 210.176 1583.976 216.19 1569.884 192.271 1559.676 186.257 1573.768
P1103 0.00138 259.054 1430.888 275.775 1316.147 135.156 1295.655 118.435 1410.395
P1103 0.00138 334.193 1552.918 330.875 1503.976 297.575 1506.234 300.892 1555.175
P1103 0.00137 583.164 539.91 594.385 482.037 517.251 467.082 506.03 524.954
P1103 0.00133 1082.937 1243.867 1111.728 1156.916 1074.231 1144.5 1045.44 1231.451
P2241 0.00582 418.139 97.502 429.194 78.719 403.113 63.369 392.058 82.152
P2241 0.00101 258.084 649.427 308.999 532.6 223.186 495.201 172.271 612.029
P1513 0.03447 1943.896 2287.643 1974.832 2232.955 1906.478 2194.288 1875.542 2248.976
P1513 0.01804 1998.5 2282.181 2024.884 2219.928 1969.689 2196.535 1943.305 2258.788
P1513 0.01025 2086.206 2357.37 2119.253 2227.709 2038.788 2207.201 2005.741 2336.861
P1513 0.00968 1905.896 3736.144 1931.482 3668.224 1864.019 3642.811 1838.433 3710.731
P1513 0.00548 2124.94 2329.637 2156.467 2218.912 2069.795 2194.234 2038.268 2304.959
P1513 0.00503 1615.898 2348.594 1640.253 2288.03 1582.77 2264.914 1558.416 2325.478
P1513 0.00496 1940.102 3758.145 1954.467 3701.525 1888.752 3684.852 1874.387 3741.472
P1513 0.00494 1875.807 3892.265 1897.741 3774.102 1785.547 3753.277 1763.614 3871.44
P0622 0.00115 131.689 1059.39 133.05 976.387 62.449 975.229 61.087 1058.232
P1398 0.01755 3941.822 5548.106 3960.549 5345.724 3779.896 5329.008 3761.168 5531.39
P1398 0.00839 1711.03 1279.226 1719.915 1100.958 1557.384 1092.857 1548.499 1271.125
P1398 0.00623 1855.416 1941.099 1855.017 1870.125 1745.514 1870.741 1745.913 1941.715
P1398 0.00494 1708.439 1781.4 1713.404 1706.625 1578.118 1697.643 1573.153 1772.417
P1398 0.00489 316.462 5673.146 318.898 5506.333 138.85 5503.704 136.413 5670.516
P1398 0.0038 325.571 4947.041 325.637 4799.682 161.705 4799.608 161.639 4946.966
P1398 0.00313 1848.262 1820.579 1856.324 1750.697 1761.854 1739.798 1753.792 1809.681
P1398 0.00305 1850.295 2156.5 1852.139 2068.974 1754.085 2066.908 1752.24 2154.434
P1398 0.00278 1855.95 1854.68 1859.818 1780.63 1733.515 1774.033 1729.647 1848.083
P1398 0.00239 479.307 899.811 474.148 661.985 247.03 666.912 252.188 904.737
P1398 0.00235 3851.429 4476.235 3923.738 3974.708 3403.83 3899.75 3331.522 4401.277
P1398 0.00226 1692.904 1997.274 1692.641 1908.726 1566.12 1909.102 1566.383 1997.651
P1398 0.00215 323.742 5242.329 325.821 5070.336 149.469 5068.205 147.39 5240.198
P1398 0.00203 1695.019 1879.842 1695.137 1807.14 1571.085 1806.938 1570.966 1879.639
P1398 0.002 1761.601 2677.294 1757.377 2536.312 1562.431 2542.152 1566.654 2683.134
P1398 0.0019 1202.429 1363.307 1204.489 1189.777 1010.531 1187.474 1008.47 1361.004
P1398 0.00186 1212.63 780.678 1225.344 536.811 995.417 524.823 982.702 768.691
P1398 0.00183 332.563 5015.997 331.203 4886.208 156.098 4888.042 157.457 5017.832
P1398 0.00178 1867.531 2401.299 1863.707 2304.035 1754.961 2308.312 1758.785 2405.576
P1398 0.00178 511.146 2185.762 514.87 2054.885 355.659 2050.355 351.935 2181.232
P1398 0.00166 1229.664 3993.129 1243.827 3757.567 1019.051 3744.053 1004.888 3979.615
P1398 0.00152 328.056 5373.044 331.419 5221.659 148.518 5217.596 145.156 5368.982
P1398 0.0015 793.248 5150.621 800.38 4960.081 574.904 4951.642 567.772 5142.182
P1398 0.00149 1865.024 2283.673 1861.766 2191.721 1742.094 2195.961 1745.352 2287.914
P1398 0.00146 1873.132 2741.85 1873.99 2643.425 1764.518 2642.471 1763.66 2740.896
P1398 0.0014 919.473 5039.101 932.141 4925.037 823.207 4912.939 810.54 5027.003
P1398 0.0014 1014.313 3439.967 1026.571 3202.506 821.26 3191.908 809.002 3429.368
P1398 0.00139 1794.167 3293.241 1787.157 3141.749 1627.23 3149.149 1634.24 3300.642
P1398 0.00138 1857.333 2624.903 1858.478 2532.491 1744.168 2531.075 1743.022 2623.487
P1398 0.00127 1599.739 4332.935 1610.752 4084.33 1389.815 4074.542 1378.802 4323.148
P1398 0.00123 1757.266 2584.111 1752.277 2467.251 1590.812 2474.145 1595.801 2591.004
P1398 0.00122 1488.382 3594.956 1493.794 3348.76 1251.28 3343.428 1245.868 3589.624
P1398 0.00116 473.439 3740.635 476.467 3488.754 246.818 3485.994 243.79 3737.875
P1398 0.00115 513.435 2665.891 517.227 2483.995 339.698 2480.295 335.907 2662.191
P1398 0.00114 1753.754 2338.23 1751.398 2223.828 1596.271 2227.022 1598.626 2341.424
P1398 0.00107 474.225 3131.786 480.879 2869.395 241.508 2863.325 234.854 3125.717
P1398 0.00104 1720.127 2105.73 1720.464 2017.635 1566.361 2017.045 1566.024 2105.14
P1878 0.00113 607.776 877.645 609.179 858.959 599.997 858.269 598.594 876.956
P1878 0.00108 621.339 878.415 621.999 859.76 612.797 859.435 612.137 878.089
P0249 0.01962 561.7 569.166 584.809 533.02 556.002 514.603 532.893 550.75
P0249 0.01855 583.575 567.944 610.738 533.334 574.593 504.966 547.43 539.576
P0249 0.01032 480.91 379.932 484.784 346.918 441.058 341.787 437.184 374.801
P1492 0.06299 617.262 2000.407 630.126 1793.358 447.725 1782.025 434.862 1989.074
P1492 0.0127 586.981 2246.737 591.229 2054.674 435.477 2051.229 431.229 2243.292
P1492 0.01124 1199.649 2234.705 1208.595 2022.105 996.962 2013.2 988.017 2225.799
P1492 0.01056 1254.148 2193.425 1258.893 2070.182 1132.209 2065.304 1127.464 2188.547
P1492 0.01012 803.579 485.78 815.595 249.864 589.339 238.34 577.323 474.256
P1492 0.00697 154.346 552.983 162.152 492.849 93.058 483.88 85.252 544.015
P1492 0.00388 779.936 494.04 787.617 360.376 627.637 351.183 619.956 484.846
P1492 0.00325 1086.971 353.405 1087.728 257.651 957.073 256.618 956.316 352.372
P1492 0.00191 682.231 2206.875 690.429 2087.078 557.914 2078.009 549.716 2197.806
P1492 0.0017 577.74 1997.484 590.979 1857.286 464.288 1845.321 451.048 1985.52
P1137 0.11436 432.039 402.783 462.088 283.884 337.29 252.344 307.241 371.244
P1137 0.03094 204.97 579.02 292.476 493.227 221.515 420.849 134.008 506.642
P1137 0.02851 209.542 559.816 283.517 488.283 241.891 445.236 167.916 516.77
P1137 0.0144 446.237 849.058 465.341 736.121 353.958 717.279 334.854 830.216
P1137 0.00575 363.86 919.788 374.244 882.223 348.219 875.03 337.835 912.594
P1137 0.00273 349.405 323.854 383.496 264.844 328.965 233.34 294.873 292.35
P1137 0.00116 382.912 337.485 387.541 255.565 319.673 251.73 315.044 333.65
P1474 0.00247 1963.623 4071.408 1975.12 3974.311 1887.573 3963.944 1876.075 4061.041
P1474 0.00175 2001.347 4361.05 2026.738 4280.292 1957.655 4258.571 1932.264 4339.33
P0242 0.00107 432.603 32.455 442.163 17.067 428.334 8.475 418.774 23.863
P1508 0.73989 711.679 1516.437 714.326 1397.508 638.246 1395.815 635.598 1514.744
P1508 0.52335 453.706 2037.053 456.24 1930.366 387.312 1928.729 384.778 2035.416
P1508 0.47036 1284.617 2859.96 1287.977 2742.231 1203.608 2739.823 1200.248 2857.553
P1508 0.32651 1080.011 1534.74 1093.538 1449.706 1028.681 1439.388 1015.153 1524.422
P1508 0.20835 1120.251 2023.757 1132.723 1901.443 1060.742 1894.103 1048.27 2016.417
P1508 0.15922 1085.653 2873.391 1088.203 2743.27 990.908 2741.363 988.358 2871.484
P1508 0.15434 1117.919 1522.106 1129.494 1414.219 1064.031 1407.196 1052.456 1515.083
P1508 0.13375 1265.608 2426.063 1272.62 2300.684 1169.092 2294.894 1162.08 2420.273
P1508 0.08356 1051.493 2447.869 1061.891 2320.82 964.578 2312.856 954.18 2439.905
P1508 0.06011 1108.34 1001.241 1118.887 895.231 1032.042 886.591 1021.495 992.601
P1508 0.0248 927.304 936.542 936.382 860.786 868.386 852.637 859.308 928.393
P1508 0.02208 576.557 608.854 598.907 475.089 509.653 460.176 487.303 593.941
P1508 0.01576 1547.794 2612.83 1552.416 2511.413 1459.765 2507.191 1455.143 2608.608
P1508 0.01099 530.364 590.677 546.044 467.0 425.075 451.663 409.395 575.339
P1508 0.0093 877.934 988.653 905.717 915.353 829.951 886.635 802.168 959.935
P1508 0.00556 665.932 552.463 680.231 466.916 596.176 452.866 581.877 538.413
P1508 0.00546 664.648 1025.705 707.363 951.816 624.038 903.646 581.323 977.536
P1508 0.00434 728.589 438.406 737.964 382.001 681.855 372.675 672.48 429.08
P1508 0.0042 1413.173 1626.133 1424.448 1497.367 1324.285 1488.597 1313.01 1617.363
P1508 0.00377 1164.593 408.995 1169.26 360.681 1085.105 352.551 1080.437 400.865
P1508 0.0035 1315.597 644.917 1319.161 586.396 1269.494 583.372 1265.93 641.893
P1508 0.00319 1321.538 2014.751 1321.949 1916.232 1279.371 1916.055 1278.96 2014.573
P1508 0.0031 1371.882 1639.589 1381.03 1519.578 1315.549 1514.586 1306.401 1634.598
P1508 0.00298 1385.672 1469.417 1390.401 1323.144 1303.861 1320.346 1299.132 1466.619
P1508 0.00293 528.804 486.341 543.358 387.18 429.244 370.431 414.69 469.593
P1508 0.00277 1402.341 1479.183 1406.488 1367.524 1329.273 1364.656 1325.126 1476.315
P1508 0.00247 1061.442 1582.133 1107.823 1446.623 987.121 1405.31 940.74 1540.82
P1508 0.00239 1102.954 1554.525 1150.409 1403.807 1017.569 1361.981 970.114 1512.699
P1508 0.00227 1311.591 1993.508 1320.127 1910.428 1261.323 1904.387 1252.788 1987.466
P1508 0.0022 1433.435 1621.111 1447.6 1484.139 1359.679 1475.046 1345.514 1612.018
P1508 0.00204 1474.995 2157.31 1487.677 2068.278 1417.596 2058.295 1404.914 2147.328
P1508 0.00193 763.509 423.635 777.451 374.384 718.642 357.736 704.7 406.987
P1508 0.00174 677.357 1024.017 699.2 871.225 606.762 858.01 584.918 1010.802
P1508 0.00146 910.42 983.088 936.229 889.512 857.392 867.768 831.583 961.344
P1508 0.00144 1440.385 1412.388 1453.037 1305.012 1380.245 1296.435 1367.592 1403.811
P1508 0.00135 1351.646 1470.47 1352.517 1352.865 1289.131 1352.395 1288.259 1470.0
P1508 0.00133 1360.874 1353.986 1368.057 1288.924 1308.953 1282.398 1301.769 1347.46
P1508 0.00125 475.51 2065.201 494.971 1840.462 396.784 1831.96 377.323 2056.698
P1508 0.00119 1439.53 2119.113 1448.238 2052.552 1392.258 2045.228 1383.55 2111.789
P1508 0.00113 1134.283 1667.253 1215.678 1462.194 1071.077 1404.797 989.682 1609.855
P1508 0.00108 659.335 2584.424 676.207 2370.221 449.13 2352.335 432.258 2566.539
P1184 0.01121 1664.238 2031.272 1669.351 1960.394 1611.843 1956.245 1606.73 2027.123
P1184 0.00471 733.922 4719.759 749.029 4611.839 673.829 4601.313 658.722 4709.233
P1184 0.00378 1570.641 2039.456 1584.128 1934.149 1487.119 1921.725 1473.632 2027.032
P1184 0.00328 1294.998 2885.305 1298.413 2820.565 1235.169 2817.229 1231.754 2881.969
P1184 0.00285 763.034 4733.201 782.846 4623.847 702.608 4609.31 682.796 4718.664
P1184 0.00243 997.096 3896.148 1005.595 3811.14 928.947 3803.477 920.448 3888.485
P1184 0.00241 1674.266 1693.294 1685.744 1575.701 1577.68 1565.154 1566.202 1682.746
P0929 0.00568 336.835 3588.974 347.101 3438.166 182.147 3426.936 171.88 3577.744
P0929 0.00465 490.881 1422.03 502.204 1358.383 448.179 1348.772 436.856 1412.419
P0929 0.00324 496.266 646.245 498.75 514.813 342.59 511.861 340.106 643.294
P0929 0.00288 347.293 3391.068 361.708 3266.946 197.078 3247.826 182.662 3371.948
P0929 0.00265 500.521 1370.402 505.433 1282.833 448.713 1279.652 443.802 1367.221
P0929 0.00227 493.112 1170.246 501.047 1057.327 405.943 1050.644 398.008 1163.563
P0929 0.00208 412.682 1525.259 439.121 1450.952 330.436 1412.28 303.996 1486.587
P0929 0.00195 506.563 1267.158 506.486 1193.771 439.252 1193.84 439.328 1267.228
P0929 0.00161 496.584 254.469 501.499 110.122 340.719 104.647 335.804 248.994
P0929 0.00141 394.953 3478.986 413.639 3298.974 215.544 3278.411 196.858 3458.423
P0929 0.00137 494.936 832.435 500.932 707.155 353.499 700.099 347.503 825.38
P0929 0.0013 360.119 3221.158 376.481 3101.32 219.134 3079.838 202.773 3199.675
P0929 0.00127 455.695 2491.916 457.162 2346.357 288.649 2344.657 287.181 2490.217
P0929 0.00115 361.241 3018.363 379.572 2885.192 240.583 2866.061 222.253 2999.232
P0929 0.00115 426.762 2619.02 430.924 2520.85 248.565 2513.119 244.403 2611.29
