P2256 0.00436 510.286 1315.509 528.209 1179.037 377.66 1159.265 359.737 1295.737
P2085 0.96377 748.768 347.049 783.594 126.005 649.052 104.808 614.225 325.851
P2085 0.95146 957.12 366.431 992.46 150.654 861.503 129.206 826.163 344.982
P2085 0.75267 601.477 313.227 625.196 97.747 490.818 82.955 467.099 298.435
P2085 0.37802 1099.932 500.773 1201.546 427.279 1088.138 270.479 986.524 343.974
P2085 0.00697 905.064 512.234 977.423 373.479 857.82 311.108 785.462 449.863
P2085 0.00273 1096.015 336.915 1105.956 285.391 1027.49 270.252 1017.549 321.777
P2152 0.00284 921.85 286.121 924.11 238.487 870.629 235.951 868.37 283.584
P2152 0.00235 901.785 268.78 903.091 241.355 870.24 239.791 868.935 267.216
P2152 0.00166 967.032 323.349 967.348 228.667 834.69 228.225 834.374 322.907
P2152 0.00122 920.848 307.844 921.019 248.501 873.23 248.363 873.058 307.705
P2271 0.03135 5698.784 914.917 5702.526 731.806 5455.181 726.751 5451.439 909.862
P2271 0.02537 5538.5 896.641 5541.903 719.594 5354.218 715.987 5350.814 893.033
P2271 0.01209 5766.769 2728.289 5854.661 2232.482 5703.688 2205.719 5615.796 2701.526
P2271 0.01065 5623.745 938.692 5626.818 753.393 5347.451 748.76 5344.377 934.059
P2271 0.0063 5903.632 889.145 5904.845 710.013 5587.547 707.865 5586.334 886.997
P2271 0.00535 5456.9 881.307 5457.278 715.038 5313.933 714.712 5313.555 880.981
P2271 0.00467 3880.092 2571.902 3910.314 2476.5 3828.12 2450.462 3797.898 2545.864
P0557 0.014 321.681 1000.272 326.306 921.46 284.706 919.018 280.081 997.831
P0557 0.00109 365.799 1003.295 368.808 944.424 328.782 942.377 325.773 1001.249
P0579 0.00334 1639.948 896.268 1698.521 874.124 1688.249 846.954 1629.676 869.097
P0579 0.0011 2151.764 840.126 2203.448 742.116 2128.236 702.454 2076.552 800.463
P0579 0.00104 1634.246 903.62 1720.407 863.064 1702.201 824.386 1616.04 864.941
P1138 0.01112 263.338 1232.048 415.477 1212.766 405.656 1135.276 253.517 1154.558
P2724 0.01832 745.617 1638.13 834.518 1561.804 753.447 1467.377 664.546 1543.703
P2724 0.01004 582.903 1665.698 726.98 1561.841 624.778 1420.06 480.701 1523.918
P2724 0.00571 4349.096 1164.866 4353.007 1104.576 4311.208 1101.864 4307.297 1162.155
P2724 0.00551 4231.985 1127.529 4232.963 1057.506 4174.161 1056.686 4173.184 1126.709
P2724 0.00531 3238.278 2226.876 3265.848 2169.715 3207.921 2141.775 3180.35 2198.935
P2724 0.00434 4246.997 1227.499 4248.794 1115.554 4170.042 1114.29 4168.245 1226.235
P2724 0.00424 3934.831 879.449 3940.227 800.21 3891.102 796.864 3885.705 876.103
P2724 0.00378 3223.323 2330.985 3251.82 2298.31 3225.142 2275.044 3196.645 2307.719
P0749 0.01607 995.29 734.19 1026.928 637.143 946.535 610.933 914.896 707.98
P2168 0.25922 1020.997 881.368 1023.201 805.067 945.018 802.809 942.813 879.11
P2168 0.05655 1032.429 986.591 1033.599 933.19 970.035 931.798 968.866 985.199
P2168 0.019 1942.886 956.862 1944.811 809.744 1886.753 808.984 1884.827 956.102
P2168 0.00941 1087.542 1009.012 1092.458 954.605 1021.063 948.154 1016.147 1002.561
P2168 0.00793 1034.882 1014.563 1035.353 977.547 945.731 976.408 945.26 1013.425
P2168 0.006 1160.292 990.625 1160.849 937.806 1091.409 937.073 1090.851 989.892
P2168 0.00569 1005.889 980.963 1007.561 933.457 937.084 930.976 935.413 978.483
P2168 0.0045 1864.241 963.35 1866.871 880.892 1820.481 879.413 1817.851 961.87
P2168 0.00379 1152.873 995.285 1155.491 930.273 1058.898 926.383 1056.28 991.394
P2168 0.00317 614.185 895.798 617.342 798.699 574.312 797.3 571.155 894.399
P2168 0.00305 1109.243 895.818 1167.349 518.888 923.196 481.25 865.09 858.18
P2168 0.00226 685.288 177.931 689.318 150.87 668.428 147.759 664.397 174.82
P2168 0.00201 641.317 176.181 643.628 156.039 618.112 153.112 615.802 173.255
P2168 0.0018 1808.312 963.566 1807.018 886.246 1750.491 887.192 1751.785 964.512
P2168 0.00165 979.695 1021.583 980.443 994.707 929.559 993.292 928.811 1020.167
P2168 0.00138 1061.372 877.722 1058.97 807.148 1012.129 808.742 1014.531 879.317
P2168 0.00118 424.287 1123.752 432.913 1031.04 314.603 1020.033 305.978 1112.745
P2168 0.00106 898.842 839.623 906.606 552.812 748.048 548.52 740.284 835.331
P0300 0.00183 1219.548 845.099 1223.711 793.916 1188.679 791.067 1184.516 842.25
P2758 0.04599 4632.212 2302.007 4749.328 2050.66 4583.29 1973.295 4466.174 2224.641
P2758 0.01277 4623.237 2182.801 4681.121 2041.739 4558.654 1991.485 4500.77 2132.548
P2331 0.0397 1678.496 616.681 1679.21 578.403 1636.255 577.601 1635.54 615.879
P2331 0.03189 1648.521 610.29 1650.215 579.865 1612.933 577.788 1611.238 608.213
P2331 0.01712 1583.881 607.616 1584.937 586.587 1556.906 585.179 1555.85 606.208
P2331 0.00758 1720.876 1838.187 1724.384 1794.51 1691.434 1791.865 1687.927 1835.541
P2331 0.00598 1700.181 609.981 1700.547 579.264 1665.548 578.847 1665.182 609.564
P2331 0.00566 1457.697 691.989 1458.624 658.133 1406.527 656.708 1405.601 690.564
P2331 0.0041 1746.272 1840.604 1749.122 1790.567 1715.786 1788.669 1712.937 1838.705
P2331 0.00322 2337.311 462.727 2359.12 408.723 2314.937 390.879 2293.128 444.883
P2331 0.00315 1165.937 1113.911 1201.382 1086.347 1171.607 1048.06 1136.162 1075.624
P2331 0.00295 1685.685 626.345 1695.479 590.215 1658.052 580.07 1648.258 616.199
P2331 0.00289 2353.896 402.832 2366.408 365.778 2325.609 352.002 2313.097 389.056
P2331 0.0026 2415.813 389.885 2427.13 365.835 2399.539 352.851 2388.222 376.902
P2331 0.00255 1659.231 1840.13 1662.128 1791.883 1622.984 1789.533 1620.088 1837.78
P2331 0.00239 1829.18 1743.742 1838.567 1634.985 1759.123 1628.128 1749.736 1736.884
P2331 0.00218 1616.924 737.06 1646.733 611.513 1525.993 582.845 1496.184 708.393
P2331 0.00205 1445.274 698.284 1444.266 652.245 1362.339 654.039 1363.347 700.077
P2722 0.0215 145.969 2169.815 191.003 2067.642 135.341 2043.108 90.306 2145.281
P2722 0.02149 168.144 2179.21 203.26 2073.271 143.546 2053.478 108.43 2159.417
P2722 0.01048 175.764 2228.92 212.664 2120.747 155.451 2101.23 118.55 2209.403
P2722 0.00517 198.533 2027.531 208.459 1966.678 151.738 1957.426 141.812 2018.278
P2722 0.00385 181.619 2237.952 208.82 2160.489 158.834 2142.937 131.634 2220.4
P2563 0.01206 1356.297 413.002 1456.188 391.922 1417.647 209.283 1317.756 230.363
P2563 0.00761 850.013 555.317 912.918 481.12 859.858 436.135 796.953 510.333
P2563 0.00737 835.512 530.87 895.919 458.503 854.311 423.772 793.904 496.139
P2563 0.00658 866.986 575.973 935.858 526.679 887.493 459.104 818.621 508.398
P2563 0.00491 759.229 984.4 987.288 929.861 952.93 786.186 724.87 840.725
P2563 0.00437 1114.605 575.229 1155.186 561.837 1127.155 476.893 1086.573 490.285
P2563 0.00278 237.516 743.873 304.96 718.296 258.918 596.887 191.474 622.463
P2563 0.00211 241.724 641.4 313.035 596.33 268.616 526.049 197.305 571.12
P2563 0.00205 1187.631 415.427 1243.197 388.195 1220.855 342.605 1165.289 369.836
P2563 0.0014 868.365 611.744 926.573 572.029 886.639 513.5 828.431 553.215
P2563 0.00116 842.937 535.973 918.857 447.235 852.883 390.79 776.962 479.528
P2563 0.00109 824.319 493.652 875.532 431.313 835.48 398.409 784.267 460.749
P2563 0.00106 1128.968 442.262 1182.504 390.738 1146.613 353.447 1093.078 404.97
P0650 0.00183 130.983 168.876 132.47 81.06 80.743 80.184 79.256 168.0
P0650 0.00166 181.621 294.937 184.99 95.747 53.781 93.528 50.413 292.718
P0650 0.00101 128.318 312.953 130.602 231.179 75.974 229.653 73.69 311.427
P0457 0.88642 906.737 482.378 1057.396 380.71 995.583 289.11 844.923 390.777
P0457 0.87063 750.926 580.747 898.934 473.351 826.133 373.02 678.125 480.415
P0228 0.02572 1258.159 160.548 1307.523 150.803 1289.246 58.217 1239.882 67.962
P0228 0.00135 11.855 78.518 12.464 15.914 -11.855 15.678 -12.464 78.281
P0228 0.00128 10.163 97.478 12.756 37.271 -10.163 36.283 -12.756 96.491
P0491 0.03405 2128.722 799.638 2222.364 697.56 2127.338 610.387 2033.696 712.466
P0491 0.00968 255.364 172.555 370.873 66.495 310.177 0.392 194.668 106.452
P0491 0.00164 242.573 193.253 312.958 125.736 225.236 34.287 154.85 101.804
P0491 0.00139 218.753 146.178 302.01 68.868 247.715 10.396 164.458 87.707
P0491 0.00134 225.021 204.359 269.057 161.418 182.329 72.478 138.292 115.419
P0491 0.00122 167.158 135.146 259.718 41.922 223.727 6.187 131.167 99.411
P0491 0.001 2128.084 749.433 2199.885 665.182 2126.278 602.452 2054.477 686.702
P2547 0.00121 584.427 1064.299 588.38 1011.58 546.196 1008.417 542.243 1061.136
P1903 0.01715 1869.577 977.558 1886.148 833.807 1749.442 818.048 1732.871 961.799
P2166 0.10973 420.187 293.513 422.029 194.174 352.945 192.893 351.103 292.232
P2166 0.047 364.39 291.097 367.422 187.294 277.738 184.674 274.706 288.478
P2166 0.00197 274.078 311.463 271.447 205.874 163.002 208.577 165.633 314.165
P0146 0.02883 732.787 636.061 751.213 535.669 681.634 522.898 663.208 623.291
P0146 0.01263 1915.564 276.196 1959.689 185.131 1856.772 135.263 1812.647 226.328
P0833 0.93031 563.599 327.464 660.739 239.713 513.844 77.101 416.704 164.852
P0833 0.9015 1330.072 555.194 1443.853 520.345 1385.128 328.606 1271.346 363.455
P0833 0.87097 460.253 414.245 556.124 321.94 421.446 182.058 325.575 274.363
P0833 0.83602 321.145 496.878 436.623 419.136 329.948 260.68 214.47 338.422
P0833 0.82752 1415.263 800.909 1532.889 752.065 1454.336 562.891 1336.71 611.734
P0833 0.81147 1202.989 605.724 1313.433 565.48 1241.404 367.801 1130.959 408.044
P0833 0.80256 224.71 563.782 319.872 479.395 190.502 333.505 95.34 417.893
P0833 0.80225 652.274 243.491 750.404 162.45 627.396 13.503 529.266 94.545
P0833 0.59898 1210.164 326.196 1289.042 302.534 1247.755 164.902 1168.877 188.564
P0833 0.45691 1127.649 361.89 1207.464 335.708 1159.493 189.468 1079.678 215.649
P0833 0.41247 1059.449 379.881 1127.221 354.695 1074.673 213.294 1006.901 238.48
P0833 0.12402 1270.019 281.811 1363.858 256.312 1332.317 140.238 1238.478 165.737
P0833 0.07148 575.962 108.792 622.664 62.123 582.517 21.948 535.816 68.617
P0833 0.02376 280.323 353.291 321.414 312.96 280.522 271.296 239.431 311.627
P0833 0.01883 696.291 220.652 736.995 187.038 658.015 91.402 617.311 125.016
P0833 0.01222 1264.957 373.186 1364.329 326.55 1333.094 259.996 1233.723 306.632
P0833 0.00489 1296.383 762.521 1397.049 602.137 1308.268 546.413 1207.602 706.798
P0833 0.00405 603.792 103.988 638.475 58.254 582.193 15.572 547.51 61.307
P0833 0.00293 1163.854 468.815 1254.942 421.926 1180.541 277.394 1089.453 324.283
P0833 0.00257 482.883 184.52 531.163 127.558 487.046 90.165 438.766 147.127
P0833 0.00156 1267.402 369.257 1404.241 316.764 1351.449 179.146 1214.61 231.639
P0833 0.00143 1044.861 662.245 1116.606 602.836 998.107 459.731 926.361 519.141
P0833 0.00124 386.191 256.701 410.995 222.675 376.884 197.809 352.08 231.835
P0833 0.00107 541.663 174.415 663.625 105.048 606.373 4.386 484.411 73.754
P2502 0.03005 489.672 785.509 559.662 677.277 520.275 651.807 450.284 760.039
P2502 0.02452 1404.335 562.923 1488.331 440.929 1358.549 351.571 1274.554 473.565
P2502 0.01788 452.881 701.244 517.429 588.181 460.02 555.406 395.472 668.469
P2502 0.01304 1338.252 673.007 1395.12 564.816 1302.943 516.367 1246.076 624.557
P2502 0.01265 403.355 1618.335 448.735 1562.036 389.755 1514.495 344.375 1570.794
P2502 0.01028 388.343 1624.376 416.452 1585.978 354.325 1540.499 326.216 1578.897
P2502 0.00647 1645.264 1141.485 1712.049 1084.452 1656.291 1019.16 1589.506 1076.194
P2502 0.00646 1618.604 1183.842 1703.276 1102.244 1634.615 1030.996 1549.942 1112.594
P2502 0.00481 1398.978 571.92 1502.022 445.913 1296.606 277.929 1193.561 403.937
P2502 0.00428 503.578 743.057 580.637 628.431 541.21 601.925 464.15 716.55
P2502 0.00424 722.49 1701.288 759.382 1664.348 727.378 1632.385 690.485 1669.324
P2502 0.00399 1405.542 1363.468 1519.101 1267.548 1355.986 1074.437 1242.427 1170.357
P2502 0.00314 319.59 83.037 325.641 33.124 239.756 22.712 233.705 72.626
P2502 0.00293 565.076 66.761 569.117 -55.539 229.404 -66.761 225.364 55.539
P2592 0.01562 1387.497 534.674 1475.617 485.631 1444.587 429.879 1356.468 478.923
P2592 0.01383 1333.783 853.295 1476.421 771.641 1427.452 686.099 1284.814 767.752
P0815 0.01739 56.368 868.44 71.89 782.473 -11.783 767.366 -27.304 853.333
P0815 0.01048 62.501 883.743 76.838 759.217 -55.264 744.007 -69.601 868.533
P2587 0.01513 2505.034 1102.069 2645.025 944.288 2550.178 860.134 2410.187 1017.915
P2587 0.01027 2365.755 1036.609 2540.931 866.751 2452.471 775.521 2277.294 945.378
P2587 0.00585 2584.876 1212.05 2657.757 1115.563 2465.642 970.451 2392.762 1066.937
P2587 0.00471 2620.248 1188.107 2733.022 1033.65 2653.264 975.416 2540.489 1129.872
P2587 0.00211 2343.502 1508.46 2438.723 1411.592 2328.79 1303.528 2233.569 1400.395
P2587 0.00158 2562.471 1049.977 2682.857 928.661 2542.319 789.201 2421.933 910.516
P1456 0.95295 519.694 1850.302 514.947 1665.644 408.538 1668.38 413.285 1853.038
P1456 0.94837 884.819 1854.396 883.995 1659.631 770.036 1660.113 770.861 1854.878
P1456 0.94219 638.187 1861.116 635.587 1661.542 517.565 1663.079 520.165 1862.653
P1456 0.88401 760.701 1866.864 764.469 1673.417 651.244 1671.212 647.476 1864.658
P1456 0.84727 1000.562 1856.173 1002.487 1660.417 890.668 1659.318 888.742 1855.073
P1456 0.83478 478.004 1271.315 473.591 1076.585 338.163 1079.654 342.575 1274.384
P1456 0.82269 404.259 1860.783 401.467 1667.416 268.269 1669.339 271.061 1862.707
P1456 0.81068 354.369 993.861 463.622 982.263 443.196 789.854 333.943 801.452
P1456 0.51406 457.351 1502.911 455.619 1325.456 340.961 1326.575 342.692 1504.03
P1456 0.43811 271.334 957.736 350.595 950.071 336.229 801.513 256.967 809.179
P1456 0.38875 345.116 1239.715 354.197 1093.006 262.909 1087.356 253.828 1234.065
P1456 0.21081 247.099 1031.315 375.933 1018.153 357.663 839.319 228.829 852.481
P1456 0.1672 330.294 1056.001 325.751 931.699 253.098 934.354 257.641 1058.656
P1456 0.04621 307.803 1080.578 386.748 990.744 308.553 922.027 229.608 1011.861
P1456 0.0302 338.775 1119.782 334.886 980.346 254.457 982.59 258.346 1122.025
P1456 0.01897 245.529 1879.318 250.089 1677.005 153.568 1674.829 149.008 1877.142
P1456 0.01643 452.059 1434.038 445.337 1283.396 349.162 1287.687 355.884 1438.329
P1456 0.01506 378.254 1120.22 497.381 1026.32 418.43 926.158 299.303 1020.058
P1456 0.01235 949.624 1839.779 945.432 1644.453 845.154 1646.605 849.346 1841.931
P1456 0.01007 446.624 1343.652 442.608 1184.283 339.907 1186.871 343.924 1346.241
P1456 0.00967 331.247 1352.772 358.781 1262.744 287.49 1240.941 259.956 1330.969
P1456 0.00933 962.032 1957.435 961.869 1867.433 826.62 1867.678 826.783 1957.681
P1456 0.00888 800.714 1847.215 801.179 1650.641 706.271 1650.417 705.805 1846.99
P1456 0.00871 3410.645 1753.914 3415.892 1558.015 3316.487 1555.352 3311.24 1751.251
P1456 0.00553 947.301 1990.976 947.759 1885.447 781.832 1884.725 781.373 1990.254
P1456 0.00539 923.408 1962.887 921.088 1853.212 789.252 1856.001 791.572 1965.676
P1456 0.00487 3327.529 713.707 3330.795 596.862 3191.862 592.979 3188.596 709.824
P1456 0.00378 897.344 1973.953 900.136 1837.461 736.749 1834.119 733.957 1970.611
P1456 0.00292 1055.198 1844.058 1056.145 1658.845 971.069 1658.41 970.123 1843.623
P1456 0.00265 603.343 1967.86 604.206 1864.172 470.485 1863.059 469.622 1966.746
P1456 0.00225 354.075 1503.975 355.059 1383.938 261.625 1383.171 260.64 1503.208
P1456 0.00225 3309.969 1720.861 3325.942 1520.141 3185.018 1508.926 3169.045 1709.646
P1456 0.00198 3362.784 1788.394 3375.429 1581.746 3198.582 1570.924 3185.937 1777.573
P1456 0.0019 3350.379 768.05 3344.866 647.365 3188.091 654.527 3193.604 775.212
P1456 0.00149 614.309 1981.868 611.475 1887.436 503.121 1890.688 505.955 1985.12
P1456 0.00137 1513.211 2202.93 1521.703 2041.145 1252.806 2027.031 1244.314 2188.817
P1456 0.00124 789.412 1972.592 791.401 1826.621 660.844 1824.841 658.855 1970.812
P1456 0.00111 858.624 1959.581 859.177 1852.017 695.784 1851.177 695.231 1958.741
P0526 0.00258 145.846 701.301 144.992 646.525 110.703 647.059 111.557 701.836
P0543 0.00338 288.699 65.158 297.189 4.227 219.524 -6.594 211.035 54.336
P0816 0.00133 358.411 660.735 362.495 569.321 283.255 565.78 279.171 657.194
P0143 0.0014 297.979 363.822 298.679 349.707 258.237 347.7 257.537 361.814
P0143 0.00116 575.513 342.079 576.041 310.716 546.673 310.221 546.145 341.584
P0143 0.00106 589.818 345.977 590.792 307.411 535.498 306.016 534.525 344.581
P2404 0.00429 1291.052 1918.187 1312.023 1859.614 1242.651 1834.776 1221.679 1893.349
P2197 0.62223 2092.354 1413.707 2094.435 1327.456 2046.255 1326.294 2044.174 1412.545
P2197 0.52955 2024.161 1410.142 2024.219 1330.777 1975.391 1330.742 1975.333 1410.106
P2197 0.42667 1939.567 1406.761 1941.451 1321.609 1886.214 1320.387 1884.33 1405.539
P2197 0.36683 1859.173 1406.883 1861.452 1323.823 1819.478 1322.671 1817.199 1405.731
P2197 0.06202 1848.34 1405.687 1850.371 1322.376 1804.82 1321.266 1802.789 1404.577
P2197 0.05019 1728.491 1541.823 1729.798 1469.918 1683.192 1469.071 1681.886 1540.976
P2197 0.04368 2031.469 868.602 2035.343 785.097 1925.016 779.978 1921.141 863.484
P2197 0.03349 2061.62 869.774 2061.945 776.312 1951.1 775.926 1950.775 869.388
P2197 0.01843 1874.82 1408.418 1877.101 1323.411 1838.158 1322.366 1835.877 1407.373
P2197 0.01644 2072.113 861.356 2072.916 779.711 1999.654 778.991 1998.851 860.636
P2197 0.01389 505.475 1559.011 515.383 1434.668 446.472 1429.177 436.564 1553.52
P2197 0.01363 1905.358 854.836 1909.199 790.754 1859.839 787.796 1855.998 851.877
P2197 0.01216 2000.182 871.575 2004.369 800.48 1920.195 795.522 1916.008 866.617
P2197 0.00675 2118.874 542.321 2118.392 476.004 2078.994 476.29 2079.476 542.607
P2197 0.0063 1929.633 1534.729 1929.799 1447.938 1889.142 1447.86 1888.976 1534.651
P2197 0.00575 1956.38 1413.288 1959.771 1324.765 1906.067 1322.708 1902.676 1411.231
P2197 0.00409 1990.46 421.352 1993.03 391.987 1962.58 389.322 1960.01 418.686
P2197 0.00368 2022.454 430.274 2025.099 397.605 1996.226 395.268 1993.581 427.936
P2197 0.00365 1900.951 832.129 1903.899 785.842 1867.326 783.512 1864.378 829.8
P2197 0.00296 2051.757 1421.017 2054.745 1326.824 2015.068 1325.565 2012.08 1419.759
P2197 0.00289 1816.233 1531.432 1815.528 1457.862 1778.976 1458.212 1779.681 1531.782
P2197 0.00261 2064.6 1413.837 2065.015 1335.01 2029.548 1334.823 2029.133 1413.65
P2197 0.00249 1773.292 1544.407 1776.003 1463.282 1746.013 1462.28 1743.302 1543.405
P2197 0.0023 2108.123 438.838 2108.947 398.944 2079.139 398.329 2078.316 438.223
P2771 0.00551 1049.666 1125.278 1119.775 1085.719 1098.045 1047.209 1027.937 1086.768
P0027 0.00471 2201.884 1771.141 2215.366 1737.817 2171.611 1720.115 2158.129 1753.438
P0660 0.04011 277.645 656.554 428.181 504.294 350.781 427.771 200.246 580.031
P0660 0.01973 480.097 801.015 615.352 631.017 493.751 534.268 358.496 704.265
P0660 0.00587 315.753 476.434 321.028 451.969 282.303 443.619 277.027 468.084
P0660 0.0046 561.59 863.471 593.868 822.88 556.553 793.206 524.274 833.797
P0660 0.00179 353.162 477.98 371.347 438.187 328.631 418.665 310.445 458.458
P0660 0.00171 589.663 785.045 608.529 762.881 591.192 748.124 572.326 770.288
P0660 0.00137 602.182 784.195 616.067 763.992 598.452 751.886 584.568 772.089
P0660 0.00122 675.851 757.546 689.045 696.43 624.953 682.594 611.759 743.71
P1506 0.00926 176.027 276.024 292.326 171.555 176.382 42.481 60.082 146.951
P1506 0.00385 2672.847 1147.17 2773.106 1089.12 2666.1 904.306 2565.84 962.357
P1506 0.00325 2584.704 1180.858 2683.779 1133.955 2596.394 949.366 2497.318 996.269
P1506 0.00243 1813.32 1949.246 1931.512 1766.235 1755.476 1652.548 1637.284 1835.559
P1506 0.00186 1494.445 1867.473 1643.191 1772.909 1545.763 1619.657 1397.017 1714.22
P1506 0.0018 2838.698 1085.629 2992.777 1041.233 2937.922 850.858 2783.843 895.254
P1506 0.00171 147.608 243.98 221.504 176.543 128.195 74.297 54.299 141.734
P1506 0.00123 61.963 121.874 112.211 49.357 66.536 17.709 16.288 90.226
P1506 0.00121 1435.588 1843.226 1573.723 1760.784 1506.995 1648.98 1368.861 1731.422
P0110 0.0014 2479.315 1675.176 2481.371 1644.401 2438.923 1641.567 2436.868 1672.342
P0110 0.00102 2469.145 1659.355 2476.459 1581.671 2386.82 1573.231 2379.506 1650.915
P2570 0.02728 673.514 1104.797 797.819 1092.381 774.851 862.424 650.546 874.84
P2570 0.00768 543.123 404.166 679.006 383.665 638.88 117.713 502.998 138.214
P2570 0.00425 23.256 443.897 23.48 302.375 -23.256 302.3 -23.48 443.823
P2570 0.00292 1232.818 1058.499 1321.182 1002.558 1237.935 871.063 1149.572 927.004
P1463 0.72564 761.705 1845.664 798.738 1773.416 631.87 1687.881 594.836 1760.129
P1463 0.55947 852.69 1315.812 930.446 1127.26 831.148 1086.311 753.392 1274.862
P1463 0.34071 965.242 1375.041 1054.078 1200.319 950.021 1147.412 861.185 1322.134
P1463 0.24206 947.349 1118.838 1030.355 923.817 934.685 883.098 851.679 1078.118
P1463 0.23474 1078.155 1181.208 1169.888 999.461 1064.381 946.208 972.647 1127.955
P1463 0.23158 783.438 1485.558 836.212 1358.761 766.927 1329.924 714.152 1456.72
P1463 0.20214 863.516 1513.391 923.007 1393.564 840.879 1352.79 781.388 1472.617
P1463 0.1978 904.513 1531.3 963.573 1417.012 896.331 1382.264 837.272 1496.552
P1463 0.07918 820.886 1718.125 879.472 1599.924 816.506 1568.715 757.92 1686.916
P1463 0.07579 2654.787 2710.995 2732.954 2586.403 2674.622 2549.807 2596.456 2674.399
P1463 0.07413 760.421 1686.935 816.533 1567.793 754.542 1538.596 698.429 1657.738
P1463 0.06049 2744.138 2739.922 2816.474 2622.599 2755.587 2585.059 2683.25 2702.381
P1463 0.05565 3397.708 2024.371 3452.699 1921.985 3339.415 1861.141 3284.424 1963.527
P1463 0.05134 2913.999 2839.579 2998.107 2715.856 2936.751 2674.146 2852.644 2797.869
P1463 0.04333 706.091 1659.545 759.884 1537.591 695.108 1509.019 641.315 1630.973
P1463 0.0413 2837.613 2792.668 2908.143 2677.343 2855.592 2645.205 2785.062 2760.529
P1463 0.03986 830.357 1504.231 889.61 1377.916 803.614 1337.576 744.361 1463.891
P1463 0.03487 693.958 1965.771 731.991 1896.423 568.202 1806.596 530.17 1875.943
P1463 0.03038 740.367 1902.118 793.162 1805.771 623.683 1712.902 570.888 1809.25
P1463 0.02738 2908.661 2838.766 2986.817 2705.389 2900.611 2654.875 2822.456 2788.252
P1463 0.02709 2765.348 2747.383 2836.855 2640.439 2787.546 2607.469 2716.039 2714.412
P1463 0.01992 3466.82 2045.998 3525.226 1933.222 3474.975 1907.198 3416.57 2019.973
P1463 0.0182 2827.007 2514.114 2886.936 2410.622 2812.297 2367.402 2752.369 2470.894
P1463 0.0162 3447.396 2051.53 3520.137 1903.031 3443.624 1865.552 3370.883 2014.051
P1463 0.01253 2742.052 2520.121 2839.688 2387.754 2764.079 2331.983 2666.443 2464.35
P1463 0.01113 2836.12 2388.006 2883.296 2324.147 2813.395 2272.508 2766.219 2336.368
P1463 0.01014 2924.994 2406.316 2969.815 2336.358 2851.34 2260.452 2806.519 2330.409
P1463 0.00954 853.907 1682.88 921.992 1555.673 832.53 1507.789 764.444 1634.996
P1463 0.00665 2707.092 2728.491 2784.221 2598.81 2713.797 2556.925 2636.668 2686.605
P1463 0.00659 1093.127 920.478 1136.917 758.894 921.954 700.638 878.164 862.222
P1463 0.00627 854.558 2088.998 928.743 1960.692 795.276 1883.524 721.092 2011.83
P1463 0.00582 2769.948 2771.478 2851.103 2646.693 2809.815 2619.841 2728.66 2744.626
P1463 0.00492 799.601 1703.859 859.695 1585.08 787.658 1548.634 727.563 1667.412
P1463 0.00466 3536.168 2534.947 3617.949 2358.426 3519.448 2312.792 3437.667 2489.312
P1463 0.00411 2864.882 2385.412 2925.611 2277.555 2826.2 2221.581 2765.471 2329.438
P1463 0.00366 3474.913 2128.172 3569.57 1943.756 3461.721 1888.399 3367.064 2072.815
P1463 0.00343 897.988 1794.267 987.089 1663.362 920.228 1617.852 831.127 1748.758
P1463 0.0033 3279.987 2189.479 3313.564 2064.005 3188.58 2030.559 3155.003 2156.033
P1463 0.00319 3464.827 2084.581 3542.894 1950.413 3485.476 1917.003 3407.408 2051.171
P1463 0.00272 2925.283 2630.985 3001.976 2505.158 2927.408 2459.708 2850.715 2585.535
P1463 0.00219 922.688 1375.316 1001.481 1213.816 885.211 1157.091 806.419 1318.59
P1463 0.00203 827.186 2093.383 881.931 1994.956 791.444 1944.627 736.699 2043.054
P1463 0.0015 3314.495 2292.651 3409.003 2095.708 3205.399 1998.003 3110.891 2194.946
P1463 0.00149 3368.562 2083.704 3440.254 1978.078 3282.914 1871.286 3211.222 1976.912
P1463 0.0014 3381.353 2235.385 3415.529 2106.011 3307.057 2077.357 3272.881 2206.731
P1463 0.00133 2887.741 2470.723 2934.775 2400.175 2811.896 2318.253 2764.862 2388.801
P1463 0.00133 3312.792 2021.783 3387.171 1918.583 3302.176 1857.325 3227.797 1960.525
P1463 0.00117 656.878 1129.973 813.706 971.117 694.536 853.469 537.708 1012.325
P1463 0.00116 1036.982 1293.775 1109.779 1131.926 987.769 1077.047 914.971 1238.896
P1463 0.00111 2943.727 2852.357 3032.777 2725.22 2973.935 2684.006 2884.885 2811.143
P1463 0.00106 784.485 1593.372 881.189 1383.76 752.256 1324.277 655.551 1533.889
P2365 0.00146 2302.263 458.909 2328.609 433.106 2282.308 385.832 2255.962 411.636
P2365 0.00106 1189.014 1034.14 1236.795 990.941 1201.3 951.681 1153.52 994.88
P0194 0.00924 618.481 125.53 638.903 5.977 525.978 -13.313 505.555 106.24
P0131 0.90901 924.653 373.77 986.525 368.87 978.385 266.092 916.513 270.992
P0131 0.67918 1111.525 358.832 1115.402 276.726 1038.812 273.11 1034.936 355.217
P0131 0.50305 858.346 360.611 915.718 357.73 910.718 258.159 853.346 261.04
P0131 0.25782 1028.774 368.008 1057.073 302.987 998.757 277.605 970.457 342.626
P0131 0.05002 999.015 243.629 1016.808 154.027 917.627 134.332 899.834 223.934
P0131 0.0193 890.014 320.527 888.841 273.544 844.562 274.65 845.736 321.633
P0131 0.01313 955.58 223.041 954.084 167.44 898.425 168.937 899.922 224.539
P1440 0.79879 386.748 1327.716 495.475 1290.252 426.837 1091.055 318.11 1128.52
P1440 0.58247 302.532 1127.546 408.043 1076.874 314.597 882.296 209.085 932.968
P1440 0.4416 299.339 1374.325 394.81 1338.567 317.548 1132.279 222.077 1168.037
P1440 0.12722 198.489 1184.251 303.469 1145.428 216.02 908.959 111.04 947.782
P1440 0.06106 508.148 1268.768 613.035 1212.866 509.747 1019.069 404.859 1074.971
P1440 0.01378 488.5 664.689 599.208 601.122 480.637 394.618 369.929 458.185
P1440 0.00343 907.036 1089.786 948.512 987.159 803.401 928.513 761.924 1031.14
P1440 0.00185 343.602 1352.87 449.145 1285.242 360.389 1146.728 254.847 1214.356
P1440 0.00184 908.05 1114.823 923.221 1049.673 851.482 1032.967 836.311 1098.118
P1440 0.00165 781.768 508.092 884.184 407.283 805.028 326.865 702.612 427.675
P1440 0.00152 1272.347 184.257 1285.031 43.154 1199.638 35.478 1186.953 176.581
P1440 0.00132 744.976 687.181 774.588 599.871 713.023 578.99 683.411 666.301
P1440 0.00115 338.991 1355.711 363.725 1328.466 320.379 1289.117 295.646 1316.362
P1440 0.00102 985.845 1310.618 1005.651 1276.655 973.846 1258.109 954.041 1292.071
P2393 0.00585 676.104 594.534 692.395 538.564 654.71 527.595 638.419 583.565
P2393 0.00145 595.392 611.419 601.411 591.561 585.233 586.658 579.214 606.516
P0770 0.05695 494.296 250.411 527.698 168.001 487.447 151.686 454.045 234.096
P0770 0.0292 316.989 648.658 331.638 611.487 270.147 587.254 255.498 624.424
P0770 0.01218 1225.029 783.887 1261.423 704.078 1150.822 653.643 1114.428 733.452
P0770 0.01169 290.781 423.711 311.429 365.845 279.397 354.416 258.75 412.281
P0770 0.00997 1072.316 226.642 1096.094 171.581 1039.18 147.002 1015.401 202.064
P0770 0.00677 519.568 260.291 544.76 177.497 505.7 165.612 480.508 248.406
P2577 0.12309 494.171 336.471 682.457 225.918 632.608 141.018 444.322 251.572
P0150 0.02238 440.918 219.399 466.112 154.072 401.234 129.051 376.04 194.379
P0150 0.02216 511.092 224.785 531.305 180.609 507.946 169.922 487.734 214.098
P0150 0.01518 472.805 258.472 479.674 228.361 445.387 220.539 438.518 250.65
P0150 0.00371 679.245 504.916 685.175 488.709 670.187 483.225 664.257 499.432
P0150 0.0032 683.153 507.173 689.885 491.413 674.931 485.026 668.199 500.786
P0117 0.00207 884.132 1102.954 909.333 1056.781 876.383 1038.796 851.181 1084.969
P1101 0.00279 545.242 164.73 615.662 46.123 435.733 -60.707 365.313 57.9
P1101 0.00134 731.355 597.933 808.189 445.597 734.18 408.269 657.346 560.605
P2363 0.01908 311.691 1807.715 324.281 1749.329 243.457 1731.901 230.867 1790.287
P2363 0.0021 372.049 1795.77 389.741 1758.149 341.891 1735.646 324.199 1773.267
P2779 0.00581 47.486 832.914 95.837 789.793 46.932 734.956 -1.419 778.076
P2802 0.00207 2941.561 504.829 2980.472 390.978 2911.18 367.296 2872.269 481.148
P2802 0.00177 2375.598 289.179 2414.958 231.209 2329.748 173.353 2290.388 231.324
P2802 0.00171 3314.74 1040.098 3337.988 712.992 3177.045 701.554 3153.796 1028.659
P2802 0.00159 2210.792 489.484 2233.56 394.424 2170.928 379.424 2148.161 474.483
P1860 0.02508 1398.083 1674.177 1500.795 1657.579 1476.984 1510.231 1374.273 1526.828
P1860 0.01912 1523.22 1644.77 1584.108 1634.149 1562.701 1511.426 1501.813 1522.047
P0374 0.90765 721.919 594.742 807.406 533.446 696.307 378.503 610.82 439.799
P0374 0.87936 829.273 528.051 912.267 456.189 784.495 308.626 701.501 380.489
P0374 0.61355 1036.639 233.73 1111.264 197.202 1081.975 137.365 1007.35 173.893
P0374 0.57616 1086.46 361.684 1182.409 265.458 1081.431 164.771 985.483 260.997
P0374 0.08254 1218.47 504.362 1223.408 416.351 1140.357 411.691 1135.419 499.703
P0374 0.06642 1084.9 420.99 1180.105 389.178 1164.839 343.49 1069.634 375.302
P0374 0.0465 1076.668 398.266 1185.338 348.934 1150.659 272.542 1041.99 321.874
P0374 0.04131 1074.786 403.202 1184.748 362.095 1162.765 303.289 1052.802 344.396
P0374 0.01447 641.557 239.017 705.377 195.384 639.331 98.781 575.51 142.414
P0374 0.00239 1181.531 670.922 1196.402 631.931 1147.301 613.204 1132.429 652.194
P0374 0.00176 1137.215 684.343 1226.214 643.883 1173.23 527.337 1084.231 567.798
P0374 0.00119 1164.039 681.439 1209.536 628.454 1158.257 584.423 1112.761 637.408
P0374 0.0011 1227.426 671.016 1325.347 634.433 1261.06 462.353 1163.138 498.935
P2378 0.01618 2251.737 143.631 2299.897 112.54 2250.51 36.039 2202.35 67.13
P2378 0.00481 2303.937 107.056 2330.393 81.569 2291.747 41.453 2265.291 66.939
P2378 0.00361 2255.215 116.676 2310.887 91.263 2275.312 13.329 2219.64 38.741
P2378 0.00271 332.113 161.53 381.873 123.791 331.829 57.807 282.07 95.546
P2378 0.00258 1643.938 429.943 1694.619 382.793 1652.771 337.812 1602.091 384.962
P2378 0.00213 2341.723 93.698 2391.559 47.255 2344.676 -3.054 2294.84 43.388
P2378 0.00196 2290.37 156.006 2338.669 111.045 2304.502 74.341 2256.203 119.302
P2378 0.00188 2368.839 79.412 2401.748 43.061 2376.629 20.321 2343.72 56.672
P2378 0.00105 2124.043 105.223 2173.244 73.082 2136.831 17.341 2087.63 49.482
P0352 0.00124 786.534 195.489 927.322 135.884 852.732 -40.296 711.945 19.309
P0904 0.59921 360.481 148.189 366.623 15.375 242.526 9.636 236.383 142.45
P0904 0.02719 224.379 96.375 223.782 -0.541 106.472 0.182 107.069 97.097
P0904 0.0019 100.344 159.953 113.7 12.139 24.558 4.085 11.203 151.899
P2413 0.01121 1222.645 455.088 1222.56 390.251 1169.616 390.321 1169.701 455.157
P2413 0.00954 1224.042 398.021 1226.04 337.895 1175.804 336.226 1173.806 396.352
P2413 0.0082 1228.083 432.474 1228.185 346.239 1173.88 346.174 1173.778 432.409
P2413 0.00283 1218.005 375.548 1219.05 314.528 1172.626 313.733 1171.581 374.753
P2374 0.00571 494.843 747.671 503.617 694.403 454.43 686.301 445.656 739.569
P2374 0.00225 466.899 651.03 474.197 607.549 431.172 600.328 423.874 643.809
P2726 0.03366 1749.999 373.93 1780.138 317.721 1719.138 285.013 1688.999 341.223
P2733 0.02911 1523.311 2234.188 1535.199 2178.344 1470.357 2164.54 1458.469 2220.384
P2733 0.02514 1880.556 1891.509 1934.63 1798.357 1851.55 1750.13 1797.476 1843.281
P2733 0.02311 371.117 2570.533 404.958 2536.832 361.441 2493.135 327.6 2526.837
P2733 0.01929 1016.504 1954.953 1016.015 1892.109 974.314 1892.433 974.803 1955.277
P2733 0.01834 1868.864 1894.498 1905.592 1833.989 1838.055 1792.996 1801.328 1853.504
P2733 0.01432 1139.062 1942.568 1139.628 1869.637 1084.97 1869.213 1084.405 1942.144
P2733 0.01285 1925.832 1797.278 1939.317 1761.776 1896.466 1745.499 1882.98 1781.0
P2733 0.01224 447.992 2524.536 480.232 2483.095 429.461 2443.598 397.221 2485.039
P2733 0.00887 1920.336 1821.125 1939.843 1777.868 1882.612 1752.06 1863.105 1795.317
P2733 0.00845 1671.799 2228.116 1736.222 2122.185 1655.141 2072.874 1590.717 2178.806
P2733 0.00735 1078.039 1934.802 1077.914 1841.778 1028.892 1841.844 1029.017 1934.867
P2733 0.00618 1021.905 2032.967 1022.067 1976.889 982.879 1976.776 982.718 2032.854
P2733 0.00525 1061.387 2038.316 1061.544 1971.947 1010.5 1971.826 1010.343 2038.195
P2733 0.00515 1643.813 2257.396 1677.953 2191.176 1601.248 2151.63 1567.108 2217.85
P2733 0.00415 408.275 2546.156 429.176 2521.215 377.359 2477.791 356.458 2502.732
P2733 0.00372 1115.317 174.473 1119.112 101.729 1033.234 97.249 1029.439 169.993
P2733 0.00365 438.085 2530.589 467.796 2494.284 419.428 2454.7 389.716 2491.005
P2733 0.00355 1965.38 1845.92 2015.567 1716.533 1881.471 1664.52 1831.285 1793.907
P2733 0.00299 1170.643 2369.859 1173.165 2313.723 1125.368 2311.576 1122.846 2367.712
P2733 0.00297 1641.625 2258.975 1696.867 2157.356 1616.827 2113.845 1561.585 2215.465
P2733 0.00285 2031.927 1636.479 2062.599 1560.391 1989.123 1530.772 1958.451 1606.859
P2733 0.00213 461.169 2519.262 502.994 2470.377 448.496 2423.749 406.671 2472.634
P2733 0.00183 1128.037 1824.225 1127.798 1760.867 1064.471 1761.106 1064.71 1824.464
P2733 0.00178 1017.163 2033.256 1019.828 1969.825 961.683 1967.382 959.018 2030.813
P2733 0.00173 1627.503 2280.538 1639.199 2240.116 1569.912 2220.067 1558.215 2260.489
P2733 0.00165 1023.917 1968.114 1024.71 1836.441 964.609 1836.078 963.816 1967.751
P2478 0.0023 374.059 1367.814 419.131 1195.794 302.577 1165.255 257.505 1337.276
P0056 0.00222 992.599 208.811 997.281 59.228 841.373 54.348 836.691 203.931
P1650 0.00168 3213.82 2530.484 3228.084 2385.53 3142.511 2377.108 3128.246 2522.062
P1742 0.00381 1632.429 1751.558 1728.215 1686.579 1633.696 1547.246 1537.909 1612.224
P1742 0.00249 1599.611 773.061 1608.046 679.853 1510.662 671.041 1502.228 764.248
P1742 0.00195 1614.013 1825.879 1723.736 1801.505 1677.165 1591.864 1567.442 1616.238
P1742 0.0017 1678.074 1046.46 1698.53 980.583 1628.06 958.7 1607.604 1024.578
P1732 0.00606 3478.995 1997.316 3516.362 1935.565 3455.215 1898.564 3417.848 1960.314
P1732 0.00206 3441.768 3824.807 3519.142 3706.364 3340.048 3589.37 3262.674 3707.813
P1732 0.00204 3359.718 3828.958 3462.389 3697.203 3340.788 3602.444 3238.116 3734.2
P1732 0.0014 3512.032 3791.442 3560.836 3704.014 3388.275 3607.687 3339.471 3695.114
P1732 0.00135 2962.908 3361.644 3019.398 3284.305 2950.983 3234.332 2894.492 3311.671
P2351 0.02141 755.164 632.92 773.287 612.565 742.822 585.44 724.699 605.795
P0791 0.00415 931.668 978.631 1063.308 852.043 1007.644 794.157 876.003 920.745
P1189 0.93581 567.419 676.384 640.089 610.236 597.538 563.49 524.868 629.638
P1189 0.80081 665.811 735.194 709.404 691.697 634.939 617.068 591.346 660.565
P1384 0.28522 1524.946 723.287 1539.123 536.78 1452.09 530.164 1437.913 716.671
P1384 0.19382 1583.962 720.115 1595.503 546.565 1532.207 542.356 1520.666 715.905
P1384 0.04643 1675.841 642.438 1681.851 551.678 1637.003 548.708 1630.994 639.468
P1384 0.03108 1387.222 319.232 1388.784 267.758 1344.349 266.41 1342.788 317.884
P1384 0.02678 1365.479 419.563 1370.087 340.379 1327.133 337.88 1322.526 417.064
P1384 0.02353 3864.36 1265.902 3884.914 940.313 3741.956 931.289 3721.402 1256.877
P1384 0.02305 1611.311 405.732 1618.165 271.757 1546.846 268.108 1539.992 402.083
P1384 0.01894 1516.596 412.797 1520.468 278.291 1463.776 276.659 1459.904 411.165
P1384 0.01696 1290.95 682.153 1297.528 531.689 1225.432 528.537 1218.854 679.001
P2385 0.01254 664.499 1913.241 726.931 1668.632 500.997 1610.966 438.564 1855.575
P2385 0.00385 572.146 1787.617 610.292 1703.314 505.386 1655.846 467.24 1740.149
P0237 0.03809 834.465 271.635 896.807 227.924 845.877 155.287 783.535 198.999
P1541 0.00145 1996.977 1337.449 2100.603 1272.333 2009.75 1127.75 1906.125 1192.866
P1541 0.00144 2027.632 1361.326 2094.245 1282.299 1987.018 1191.915 1920.405 1270.942
P1541 0.00143 1824.87 1491.074 1907.16 1456.929 1867.523 1361.402 1785.232 1395.547
P1541 0.00127 199.793 1115.11 206.961 1013.174 152.081 1009.315 144.913 1111.251
P1666 0.00479 2437.719 1951.838 2440.871 1899.196 2413.56 1897.561 2410.408 1950.203
P1666 0.00334 2397.137 1951.142 2398.611 1895.924 2361.38 1894.93 2359.906 1950.148
P1666 0.00307 2524.671 1967.779 2527.49 1896.159 2464.655 1893.686 2461.835 1965.306
P2450 0.01381 992.739 492.173 1014.55 464.488 991.706 446.491 969.895 474.176
P2450 0.00987 979.096 494.576 1003.886 463.788 983.633 447.481 958.843 478.27
P2450 0.00844 632.233 462.81 656.91 423.634 629.558 406.406 604.881 445.582
P2450 0.00587 581.599 513.785 605.873 483.277 573.125 457.221 548.851 487.729
P2450 0.00572 81.871 359.557 87.062 337.876 60.131 331.427 54.939 353.109
P2450 0.00529 96.831 355.518 102.781 338.531 81.597 331.111 75.647 348.098
P2450 0.0041 1022.805 460.697 1046.645 423.44 1018.444 405.395 994.604 442.652
P2450 0.00399 907.544 513.884 923.692 486.886 905.098 475.765 888.95 502.763
P2450 0.00318 584.367 427.781 598.01 410.771 560.851 380.966 547.207 397.977
P2450 0.00286 621.703 381.689 635.328 357.999 604.125 340.053 590.499 363.743
P2450 0.00279 52.141 372.828 78.816 363.623 71.913 343.62 45.239 352.824
P2450 0.00236 540.53 487.805 566.004 454.171 541.477 435.595 516.003 469.229
P2450 0.00228 614.006 395.092 631.737 368.494 598.178 346.122 580.447 372.719
P2450 0.00224 643.584 462.93 664.02 427.05 638.92 412.754 618.483 448.634
P2450 0.0021 530.985 479.777 551.368 448.931 535.117 438.193 514.735 469.039
P2450 0.00209 66.613 357.642 72.448 339.824 50.172 332.53 44.338 350.348
P2450 0.00207 567.028 502.114 587.743 472.678 556.69 450.826 535.975 480.262
P2450 0.00206 777.001 988.681 778.673 918.767 732.466 917.662 730.794 987.576
P2450 0.00175 939.33 489.948 949.749 474.0 930.885 461.677 920.466 477.625
P2450 0.00162 928.365 520.692 951.242 484.536 930.908 471.669 908.03 507.824
P2450 0.00148 965.08 487.259 994.254 450.722 975.216 435.52 946.042 472.057
P2450 0.0012 991.94 423.235 1011.094 401.536 982.9 376.65 963.747 398.349
P2450 0.00104 595.612 427.736 609.867 405.902 570.307 380.076 556.053 401.91
P2450 0.00104 932.367 538.345 952.736 507.124 936.498 496.53 916.129 527.752
P1542 0.0031 3849.992 725.618 3920.217 665.385 3851.21 584.931 3780.986 645.164
P1651 0.00302 950.853 2372.146 976.298 2309.963 912.228 2283.746 886.784 2345.929
P1547 0.0037 72.295 269.385 112.246 212.013 63.13 177.811 23.179 235.183
P1547 0.00314 2245.315 535.828 2301.979 521.388 2265.388 377.804 2208.724 392.245
P1547 0.0021 2235.776 424.635 2283.484 412.063 2255.265 304.981 2207.558 317.553
P1738 0.01257 816.595 3373.589 840.715 3310.514 787.561 3290.188 763.44 3353.262
P1738 0.01101 840.248 3429.365 867.767 3378.94 806.498 3345.503 778.979 3395.929
P1738 0.00528 848.672 3441.562 872.351 3388.749 814.707 3362.905 791.029 3415.718
P1738 0.00525 1603.721 2913.276 1615.346 2846.734 1551.357 2835.554 1539.731 2902.097
P1643 0.0035 2726.083 3291.194 2779.579 3242.717 2736.071 3194.704 2682.575 3243.181
P1560 0.01744 575.515 1917.395 670.015 1516.484 292.837 1427.578 198.336 1828.489
P1560 0.00164 1630.935 1603.845 1642.071 1463.564 1522.699 1454.088 1511.563 1594.369
P1560 0.00159 1630.588 1648.472 1644.286 1504.311 1520.786 1492.577 1507.089 1636.738
P1560 0.00147 1589.049 1601.494 1600.038 1469.059 1478.707 1458.991 1467.717 1591.426
P1560 0.0013 1589.189 1645.304 1602.023 1508.778 1477.194 1497.044 1464.36 1633.571
P1560 0.00112 1634.762 1705.812 1649.915 1553.774 1519.154 1540.742 1504.001 1692.779
P1560 0.00106 1524.185 1603.815 1535.055 1470.886 1415.324 1461.095 1404.454 1594.024
P1370 0.01048 3062.888 3769.076 3148.667 3693.577 3086.359 3622.786 3000.581 3698.285
P1370 0.00731 1987.481 2412.758 2011.425 2370.144 1971.391 2347.651 1947.448 2390.264
P1370 0.00568 3032.848 3790.281 3129.829 3702.627 3064.868 3630.754 2967.887 3718.408
P1370 0.00529 2921.003 3878.398 3051.994 3768.567 2995.273 3700.919 2864.283 3810.75
P1370 0.00486 1767.531 389.073 1810.513 338.403 1758.492 294.274 1715.509 344.944
P1370 0.0044 2279.36 424.101 2320.353 367.629 2266.204 328.323 2225.211 384.795
P1370 0.00433 2440.014 2206.06 2475.26 2146.367 2426.802 2117.755 2391.556 2177.448
P1370 0.00431 2993.651 3826.028 3067.884 3764.987 3014.812 3700.446 2940.579 3761.488
P1370 0.00315 1682.18 2219.233 1705.66 2147.241 1653.081 2130.093 1629.601 2202.085
P1283 0.00242 545.84 3598.288 574.417 3544.608 499.863 3504.918 471.286 3558.599
P1275 0.02611 1160.293 318.138 1171.756 49.658 936.862 39.629 925.399 308.109
P2135 0.00235 471.958 377.614 474.365 337.19 428.315 334.449 425.909 374.873
P1700 0.00117 1887.089 3722.26 1915.431 3671.983 1863.738 3642.843 1835.396 3693.12
P1371 0.00341 368.508 3473.032 409.816 3432.831 356.091 3377.625 314.782 3417.826
P1371 0.00309 437.247 3411.805 473.666 3379.336 413.88 3312.277 377.461 3344.746
P1371 0.00302 822.241 3639.051 834.958 3530.524 783.031 3524.439 770.314 3632.967
P1371 0.00229 357.217 3472.76 391.425 3441.309 347.149 3393.151 312.941 3424.602
P1371 0.00228 338.551 3459.069 376.978 3424.127 332.189 3374.873 293.763 3409.815
P1371 0.00214 902.814 3675.062 923.893 3566.04 872.414 3556.086 851.336 3665.109
P1373 0.0383 279.057 570.215 328.048 522.376 272.137 465.118 223.145 512.956
P1373 0.02125 217.116 537.574 282.677 476.771 238.436 429.069 172.875 489.872
P1373 0.00876 261.443 555.322 315.963 500.701 263.778 448.613 209.258 503.234
P1373 0.00777 234.216 575.042 302.741 510.569 242.655 446.706 174.13 511.179
P1373 0.00691 269.25 616.977 322.477 567.448 269.141 510.129 215.914 559.657
P0259 0.01465 1259.086 913.274 1263.003 836.423 1209.894 833.716 1205.978 910.568
P0259 0.00673 1269.8 912.803 1274.306 839.703 1225.312 836.683 1220.806 909.783
P0259 0.00619 1196.69 921.215 1205.574 812.174 1103.927 803.892 1095.042 912.932
P0385 0.81988 134.574 698.667 242.618 640.29 133.378 438.112 25.334 496.489
P0385 0.09747 107.561 754.792 108.617 494.454 -44.146 493.835 -45.202 754.172
P0385 0.08837 -17.239 781.796 95.296 753.612 42.459 542.639 -70.077 570.823
P0385 0.08533 740.041 829.73 904.485 710.317 748.044 494.882 583.6 614.295
P0385 0.00947 66.448 701.825 110.474 604.193 -28.378 541.58 -72.404 639.212
P0385 0.00225 582.604 759.399 717.066 685.047 672.382 604.237 537.919 678.59
P0385 0.00196 678.329 439.803 758.117 406.875 681.965 222.348 602.177 255.275
P2766 0.02485 1269.588 1004.185 1263.009 876.543 1190.153 880.298 1196.732 1007.94
P2766 0.01311 1326.964 1023.177 1324.35 876.587 1239.135 878.107 1241.749 1024.697
P2766 0.00455 1339.926 1067.896 1341.617 900.241 1251.323 899.33 1249.631 1066.985
P0673 0.90238 238.762 550.785 333.186 321.149 157.066 248.73 62.641 478.367
P0673 0.84244 860.759 815.757 958.522 603.662 790.857 526.379 693.094 738.474
P0673 0.00455 950.079 624.392 972.8 568.054 889.397 534.417 866.676 590.755
P0673 0.00251 821.745 857.007 844.996 802.014 723.875 750.804 700.624 805.798
P2599 0.0052 818.016 257.407 822.55 159.542 736.095 155.537 731.561 253.402
P2599 0.00118 296.293 723.987 321.572 507.048 210.787 494.138 185.507 711.077
P1471 0.86594 4048.797 4612.974 4047.397 4475.396 3951.088 4476.376 3952.488 4613.955
P1471 0.82195 3892.428 4606.316 3890.312 4471.441 3789.354 4473.025 3791.47 4607.9
P1471 0.80504 4191.004 4611.571 4186.745 4479.454 4088.577 4482.619 4092.837 4614.736
P1471 0.5472 4224.271 4615.595 4220.463 4479.86 4128.437 4482.442 4132.245 4618.177
P1471 0.35146 4233.774 4418.749 4233.632 4294.039 4109.929 4294.181 4110.071 4418.891
P1471 0.31347 2149.632 738.958 2147.499 558.566 2011.681 560.172 2013.814 740.564
P1471 0.22089 4176.358 4432.188 4183.553 4293.881 4063.875 4287.654 4056.679 4425.962
P1471 0.21704 4119.998 4423.196 4121.344 4296.856 4046.379 4296.057 4045.033 4422.397
P1471 0.12463 3331.121 4240.713 3336.329 4151.097 3243.463 4145.701 3238.255 4235.317
P1471 0.12417 3463.302 4259.872 3461.876 4133.998 3329.499 4135.498 3330.925 4261.372
P1471 0.07989 3497.579 4257.839 3493.836 4137.438 3375.662 4141.111 3379.405 4261.513
P1471 0.07187 4160.396 4624.521 4163.578 4478.47 4061.426 4476.244 4058.243 4622.296
P1471 0.05224 4135.164 5019.273 4140.64 4914.827 4069.72 4911.108 4064.243 5015.555
P1471 0.04018 3393.869 4250.979 3398.421 4101.706 3241.779 4096.93 3237.228 4246.202
P1471 0.03602 4271.707 4627.016 4276.358 4484.136 4180.414 4481.013 4175.763 4623.893
P1471 0.0341 4151.956 4939.537 4161.172 4831.582 4056.872 4822.677 4047.656 4930.632
P1471 0.03153 3812.001 4620.023 3812.507 4484.853 3723.087 4484.518 3722.581 4619.688
P1471 0.02554 4473.212 5090.362 4470.511 4994.786 4228.036 5001.638 4230.737 5097.214
P1471 0.02135 4166.796 4966.922 4171.305 4851.372 4072.323 4847.509 4067.815 4963.06
P1471 0.01914 4144.57 4971.909 4147.518 4850.714 4036.969 4848.025 4034.021 4969.219
P1471 0.01836 4395.295 5089.16 4393.425 4997.716 4142.938 5002.84 4144.809 5094.284
P1471 0.01538 3239.427 4272.518 3248.123 4129.076 3139.127 4122.468 3130.432 4265.911
P1471 0.01459 3241.645 4320.066 3264.613 4189.342 3162.435 4171.389 3139.466 4302.113
P1471 0.01234 4029.583 4434.939 4041.7 4308.284 3941.24 4298.673 3929.122 4425.328
P1471 0.01222 4120.839 4857.531 4126.872 4735.388 4029.561 4730.581 4023.528 4852.725
P1471 0.01187 4327.266 5090.097 4326.298 4999.219 4074.197 5001.903 4075.165 5092.781
P1471 0.01168 3881.859 4725.608 3881.664 4663.226 3813.977 4663.438 3814.172 4725.82
P1471 0.01082 4488.912 5112.887 4490.665 4982.428 4243.924 4979.113 4242.171 5109.572
P1471 0.00998 2129.872 957.438 2132.581 778.307 2019.749 776.601 2017.04 955.732
P1471 0.00996 4155.784 4179.935 4152.831 4083.613 4027.38 4087.46 4030.333 4183.781
P1471 0.009 4046.042 4421.025 4052.218 4301.35 3980.537 4297.65 3974.36 4417.326
P1471 0.00896 3287.568 4318.811 3303.716 4174.086 3174.007 4159.614 3157.859 4304.338
P1471 0.00894 4252.753 5090.23 4252.334 5000.597 4001.554 5001.77 4001.973 5091.403
P1471 0.00732 4183.324 4859.489 4186.188 4756.422 4099.86 4754.023 4096.997 4857.091
P1471 0.00559 3260.584 4219.742 3263.569 4106.873 3154.86 4103.998 3151.875 4216.867
P1471 0.00533 2120.897 697.963 2118.179 476.122 1940.139 478.303 1942.856 700.144
P1471 0.00467 4325.011 4218.874 4321.472 4074.345 4161.957 4078.252 4165.496 4222.78
P1471 0.00452 4089.719 4459.689 4094.305 4281.957 3979.206 4278.987 3974.62 4456.72
P1471 0.00451 2769.733 4413.14 2784.539 4274.801 2674.705 4263.045 2659.899 4401.384
P1471 0.00436 815.667 2832.746 835.241 2733.196 748.367 2716.115 728.794 2815.665
P1471 0.00401 3384.129 4380.302 3412.81 4099.224 3235.054 4081.086 3206.373 4362.164
P1471 0.00392 3992.404 4786.181 4000.318 4625.113 3922.285 4621.279 3914.371 4782.347
P1471 0.00389 1030.806 2656.245 1032.624 2597.671 976.903 2595.941 975.085 2654.515
P1471 0.00385 3513.643 1407.982 3513.539 1244.971 3382.278 1245.055 3382.383 1408.067
P1471 0.00362 217.028 4897.318 225.369 4815.94 135.994 4806.78 127.653 4888.158
P1471 0.00362 4271.979 4959.924 4287.173 4819.356 4193.165 4809.194 4177.97 4949.762
P1471 0.00343 4762.775 2856.407 4778.675 2596.884 4353.161 2570.815 4337.262 2830.338
P1471 0.00329 3600.255 4265.614 3599.107 4123.992 3435.633 4125.318 3436.781 4266.94
P1471 0.00321 2625.906 4970.78 2625.218 4920.088 2536.529 4921.292 2537.217 4971.984
P1471 0.00317 2288.488 762.945 2284.36 584.411 2202.111 586.313 2206.239 764.846
P1471 0.00299 3900.858 4435.441 3912.715 4310.987 3749.912 4295.477 3738.055 4419.931
P1471 0.00297 4045.401 5085.776 4045.531 5006.474 3892.853 5006.224 3892.723 5085.526
P1471 0.00291 4156.95 4144.334 4157.08 3979.306 3961.824 3979.152 3961.694 4144.18
P1471 0.00287 3470.765 4356.434 3497.671 4121.644 3333.588 4102.841 3306.683 4337.631
P1471 0.00285 2853.448 4438.318 2872.059 4277.835 2771.116 4266.129 2752.505 4426.612
P1471 0.00275 3782.144 4633.338 3781.479 4528.12 3641.539 4529.004 3642.204 4634.223
P1471 0.00264 4337.846 4122.873 4335.383 3985.978 4176.813 3988.831 4179.276 4125.725
P1471 0.00264 4251.65 4985.034 4254.618 4858.427 4176.744 4856.602 4173.776 4983.208
P1471 0.00261 4302.477 4633.039 4310.071 4494.889 4232.753 4490.639 4225.16 4628.789
P1471 0.00259 4434.07 5126.652 4436.226 4969.132 4159.818 4965.348 4157.662 5122.868
P1471 0.0025 4298.772 5046.875 4303.268 4919.145 4223.519 4916.338 4219.023 5044.068
P1471 0.00247 2346.791 752.584 2344.693 573.495 2270.667 574.362 2272.765 753.451
P1471 0.0023 3976.835 5083.371 3976.923 5008.792 3839.957 5008.629 3839.868 5083.208
P1471 0.00225 4275.268 4332.462 4287.25 4095.514 4052.364 4083.637 4040.382 4320.585
P1471 0.00214 990.859 2985.344 1020.144 2924.495 946.34 2888.974 917.055 2949.823
P1471 0.00197 4252.729 4860.617 4256.552 4762.694 4178.81 4759.659 4174.987 4857.582
P1471 0.00192 4289.565 5038.545 4295.917 4886.553 4197.14 4882.424 4190.788 5034.416
P1471 0.00187 3846.132 5084.729 3846.579 5008.444 3646.355 5007.271 3645.908 5083.556
P1471 0.00186 4085.817 4199.714 4085.564 4083.172 3942.944 4083.48 3943.196 4200.023
P1471 0.00186 2086.521 925.107 2088.65 750.771 1933.995 748.883 1931.866 923.218
P1471 0.00186 4321.738 4302.639 4330.85 4100.609 4131.366 4091.612 4122.253 4293.642
P1471 0.00186 2167.067 925.942 2158.374 757.929 2036.02 764.259 2044.713 932.273
P1471 0.00185 4033.269 4116.928 4034.045 3990.09 3916.914 3989.373 3916.138 4116.211
P1471 0.00183 3970.005 4613.877 3968.245 4465.993 3878.082 4467.066 3879.843 4614.951
P1133 0.0022 298.162 729.92 398.768 667.152 350.956 590.517 250.35 653.285
P1377 0.1299 715.578 3459.8 1066.685 3140.635 829.922 2880.178 478.816 3199.343
P1377 0.03125 855.922 3396.231 1221.82 3064.092 1022.65 2844.679 656.753 3176.819
P1377 0.02973 795.645 3734.477 1124.134 3478.645 946.249 3250.238 617.759 3506.07
P1377 0.01793 670.952 2663.7 997.802 2413.399 841.913 2209.835 515.064 2460.136
P1377 0.01208 561.841 245.773 568.029 77.162 448.71 72.783 442.522 241.394
P1380 0.05414 2688.346 4499.934 2866.811 4399.537 2832.285 4338.165 2653.821 4438.562
P1380 0.01822 2793.313 4464.774 2901.218 4401.766 2869.334 4347.165 2761.43 4410.174
P1380 0.01542 3247.071 2807.582 3295.683 2746.598 3228.813 2693.294 3180.201 2754.278
P1380 0.01375 2608.271 4426.1 2830.282 4283.482 2791.075 4222.448 2569.063 4365.065
P1380 0.01125 2232.752 3979.672 2303.49 3929.485 2246.255 3848.811 2175.516 3898.998
P1380 0.00884 2060.681 879.306 2110.97 777.032 1991.3 718.189 1941.012 820.464
P1380 0.00883 2637.372 4379.746 2846.215 4268.952 2808.935 4198.679 2600.091 4309.473
P1380 0.00842 2066.096 2282.969 2152.194 2217.19 2080.721 2123.639 1994.623 2189.418
P1380 0.00789 3170.482 2722.083 3219.86 2673.395 3169.092 2621.909 3119.715 2670.597
P1380 0.00773 2262.855 4020.38 2318.935 3970.022 2277.848 3924.268 2221.769 3974.626
P1380 0.00741 1994.624 2289.603 2100.805 2213.352 2042.798 2132.577 1936.617 2208.828
P1380 0.00666 2222.482 4005.394 2275.421 3968.999 2230.011 3902.948 2177.072 3939.343
P1380 0.00657 2635.472 4530.218 2755.757 4452.823 2724.263 4403.875 2603.978 4481.27
P1380 0.00656 2745.878 2647.472 2915.436 2539.584 2861.149 2454.265 2691.591 2562.154
P1380 0.00653 2559.781 4415.853 2702.952 4320.677 2678.569 4283.997 2535.398 4379.172
P1380 0.00648 2729.95 2662.997 2856.193 2571.537 2801.167 2495.585 2674.924 2587.045
P1380 0.00587 2667.181 4478.898 2875.936 4371.44 2844.493 4310.357 2635.739 4417.815
P1380 0.00541 2866.877 4400.642 2909.968 4363.492 2882.353 4331.461 2839.262 4368.612
P1380 0.00527 409.423 3768.712 465.445 3734.854 413.498 3648.903 357.476 3682.761
P1380 0.00523 2594.966 4441.346 2705.391 4374.381 2677.435 4328.282 2567.01 4395.247
P1380 0.00508 2659.603 4532.267 2790.419 4451.151 2755.846 4395.395 2625.029 4476.511
P1380 0.00507 2620.918 4501.021 2748.64 4420.809 2710.223 4359.637 2582.5 4439.85
P1380 0.00473 404.174 4448.251 479.367 4385.843 394.678 4283.804 319.485 4346.212
P1380 0.00426 2579.879 4467.971 2656.733 4413.512 2611.903 4350.247 2535.049 4404.706
P1380 0.0042 2032.403 2215.824 2120.157 2147.927 2060.337 2070.613 1972.583 2138.51
P1380 0.0038 389.043 4459.003 449.753 4387.31 347.509 4300.729 286.799 4372.422
P1380 0.00378 2348.882 1199.125 2392.334 1136.573 2331.454 1094.283 2288.003 1156.835
P1380 0.00374 2674.026 4412.432 2857.473 4309.208 2818.111 4239.255 2634.665 4342.48
P1380 0.00367 405.726 3733.945 462.779 3699.611 411.19 3613.884 354.137 3648.217
P1380 0.00342 1961.868 2336.784 2064.538 2269.082 1991.537 2158.376 1888.867 2226.078
P1380 0.0034 3195.627 2708.492 3241.466 2667.939 3179.379 2597.758 3133.54 2638.311
P1380 0.00322 2164.943 3886.419 2216.154 3851.839 2185.186 3805.979 2133.975 3840.558
P1380 0.00318 2774.521 752.934 2808.56 658.005 2706.218 621.308 2672.178 716.237
P1380 0.00296 3340.429 2747.776 3517.367 2624.993 3442.233 2516.72 3265.295 2639.503
P1380 0.00287 2857.856 4489.606 2924.672 4433.36 2878.052 4377.979 2811.236 4434.226
P1380 0.00263 2069.39 890.644 2099.113 822.828 2034.79 794.637 2005.067 862.452
P1380 0.00258 1920.287 2307.932 2045.014 2225.718 1984.64 2134.125 1859.913 2216.339
P1380 0.0024 3181.262 2785.009 3234.851 2716.147 3174.771 2669.392 3121.182 2738.254
P1380 0.00234 2738.629 4524.283 2796.569 4490.815 2770.586 4445.833 2712.646 4479.3
P2754 0.01118 1042.927 635.685 1061.701 548.165 1012.864 537.689 994.091 625.209
P2754 0.00991 1170.809 633.444 1198.032 539.977 1134.182 521.38 1106.959 614.847
P2754 0.00787 1060.426 737.596 1070.38 697.483 1030.684 687.632 1020.73 727.745
P2481 0.00119 1880.802 85.243 1897.655 5.627 1873.126 0.435 1856.273 80.051
P2481 0.00119 1449.023 142.004 1448.135 77.849 1406.442 78.426 1407.329 142.581
P2481 0.00115 1282.315 101.042 1449.077 64.95 1434.964 -0.257 1268.202 35.835
P2481 0.00107 1107.453 1626.934 1116.671 1484.793 889.966 1470.091 880.748 1612.233
P2488 0.01124 1099.669 2401.351 1147.355 2373.71 1130.008 2343.782 1082.322 2371.423
P2488 0.00407 1132.242 2414.283 1175.633 2387.397 1159.935 2362.061 1116.543 2388.947
P1376 0.00438 2248.356 1901.178 2503.364 1643.819 2345.531 1487.428 2090.524 1744.788
P0466 0.00111 1001.245 1164.662 1018.417 979.548 929.331 971.284 912.159 1156.398
P1786 0.03789 1549.7 1336.799 1588.863 1303.71 1520.864 1223.227 1481.7 1256.316
P1786 0.02168 1553.132 1301.828 1589.445 1273.473 1535.168 1203.962 1498.855 1232.318
P1786 0.01946 1610.138 1356.451 1644.906 1332.315 1607.024 1277.745 1572.256 1301.881
P1786 0.01901 2690.331 2471.369 2714.572 2438.925 2668.859 2404.77 2644.618 2437.215
P1786 0.01825 844.458 2964.009 1001.834 2916.864 976.445 2832.11 819.069 2879.255
P1786 0.01053 1528.701 1346.589 1568.958 1312.382 1496.728 1227.378 1456.471 1261.585
P1786 0.01052 2682.065 2486.117 2712.083 2451.787 2667.585 2412.879 2637.568 2447.209
P1786 0.01006 2902.205 2563.938 2948.735 2526.933 2882.195 2443.264 2835.665 2480.269
P2394 0.0015 437.133 131.569 447.239 116.296 435.302 108.397 425.196 123.669
P0198 0.03663 231.664 473.206 319.256 470.12 314.125 324.507 226.533 327.594
P0198 0.01696 131.481 478.757 243.452 468.215 231.823 344.693 119.851 355.235
P1410 0.13766 4237.141 3408.69 4241.695 3305.167 4176.719 3302.309 4172.166 3405.832
P1410 0.07926 4283.635 3413.118 4287.025 3305.309 4223.958 3303.327 4220.568 3411.136
P1410 0.04391 4228.819 3363.813 4230.605 3274.65 4184.603 3273.728 4182.816 3362.892
P1410 0.03557 4351.491 3414.853 4350.768 3326.716 4298.184 3327.147 4298.907 3415.284
P1410 0.03237 4287.454 3364.441 4290.701 3256.043 4231.252 3254.263 4228.005 3362.66
P1410 0.02409 4350.043 3334.817 4350.921 3267.612 4292.547 3266.849 4291.669 3334.054
P1410 0.02134 5052.811 3474.192 5047.528 3253.468 4789.732 3259.638 4795.015 3480.363
P1410 0.02076 1483.815 4561.797 1507.76 4420.263 1397.485 4401.606 1373.54 4543.141
P1410 0.00807 4124.369 3406.001 4128.606 3327.237 4074.921 3324.349 4070.684 3403.113
P1410 0.00724 745.8 3184.034 780.32 3056.711 660.821 3024.312 626.301 3151.635
P1410 0.00642 2861.145 4174.373 2864.225 3891.74 2746.463 3890.457 2743.383 4173.089
P1410 0.00534 719.612 3202.693 754.154 3129.24 676.243 3092.602 641.701 3166.055
P1410 0.00525 3488.681 4367.148 3490.869 4292.561 3436.598 4290.969 3434.411 4365.557
P2255 0.00646 165.598 102.073 163.566 68.137 143.631 69.331 145.663 103.267
P2255 0.00303 179.402 103.17 179.274 85.318 167.552 85.402 167.68 103.254
P0175 0.00242 734.625 1072.246 734.312 1050.434 642.466 1051.754 642.779 1073.566
P0175 0.00128 640.451 1052.108 637.847 980.983 577.708 983.185 580.313 1054.31
P2310 0.00835 100.026 214.558 117.394 196.949 107.043 186.74 89.675 204.349
P2310 0.00385 31.72 34.456 31.793 -0.668 -1.93 -0.739 -2.003 34.385
P2310 0.00213 104.241 165.719 115.304 155.961 106.515 145.996 95.451 155.754
P2310 0.00149 91.346 175.862 117.148 156.048 107.709 143.756 81.907 163.57
P2310 0.00145 14.645 47.354 21.981 -12.064 -14.645 -16.586 -21.981 42.832
P2310 0.00127 100.861 172.263 118.443 158.147 102.613 138.43 85.031 152.546
P2294 0.00152 378.77 292.773 396.553 258.118 363.127 240.965 345.344 275.62
P1699 0.03469 3523.347 4870.971 3527.717 4716.976 3379.646 4712.773 3375.276 4866.769
P1699 0.0202 3503.314 4974.501 3507.282 4880.279 3394.494 4875.529 3390.526 4969.751
P1699 0.00796 3524.02 4791.654 3526.445 4611.229 3403.375 4609.574 3400.95 4790.0
P1699 0.00644 3557.112 4873.733 3576.008 4674.466 3429.154 4660.541 3410.257 4859.807
P1699 0.00559 3216.776 4430.042 3253.781 4289.922 3122.689 4255.302 3085.685 4395.422
P1699 0.00358 3389.828 4965.846 3390.473 4875.279 3288.825 4874.555 3288.18 4965.123
P1699 0.00346 3289.389 4615.445 3366.327 4369.33 3073.285 4277.723 2996.347 4523.838
P1699 0.00345 3271.383 4969.422 3269.863 4858.202 3153.02 4859.798 3154.54 4971.019
P1699 0.00269 3546.635 4930.022 3569.722 4739.116 3421.987 4721.251 3398.901 4912.157
P1699 0.00194 3516.149 5014.215 3514.752 4562.418 2978.478 4564.078 2979.876 5015.875
P1699 0.00192 3297.648 4946.336 3290.494 4700.526 3087.165 4706.443 3094.319 4952.253
P1699 0.00161 3362.347 4388.125 3402.266 4233.558 3264.691 4198.027 3224.772 4352.595
P1699 0.00114 3529.434 4739.769 3538.171 4596.578 3430.505 4590.009 3421.768 4733.199
P1699 0.00101 3354.471 5054.874 3356.235 4916.706 3075.756 4913.126 3073.992 5051.294
P2462 0.00184 552.755 1679.771 561.166 1648.102 540.18 1642.529 531.77 1674.197
P2462 0.00125 582.088 1686.226 594.009 1654.387 570.746 1645.677 558.825 1677.516
P2539 0.0103 503.852 205.673 496.499 100.209 432.95 104.64 440.303 210.103
P2539 0.00331 311.027 134.199 311.259 113.883 275.903 113.478 275.67 133.793
P2539 0.00271 309.158 104.505 309.464 74.101 279.499 73.799 279.192 104.203
P2539 0.00209 1591.918 1253.244 1630.724 1198.378 1598.52 1175.6 1559.713 1230.465
P2539 0.00181 491.573 266.383 490.822 210.318 447.73 210.894 448.48 266.959
P0130 0.07337 414.965 576.779 415.521 556.197 403.668 555.877 403.113 576.459
P0130 0.06248 427.948 577.065 428.374 557.472 416.649 557.217 416.223 576.81
P0130 0.04905 360.431 265.132 359.597 223.728 321.901 224.487 322.735 265.891
P0130 0.04348 296.054 257.234 294.734 232.84 266.732 234.355 268.052 258.75
P0130 0.01468 393.567 374.527 396.765 349.607 373.917 346.674 370.718 371.594
P0130 0.01127 294.485 182.189 295.684 158.716 270.126 157.411 268.927 180.883
P0130 0.00881 444.186 578.196 444.816 557.541 432.778 557.174 432.149 577.829
P2455 0.0072 1268.879 120.998 1313.296 57.843 1261.66 21.526 1217.242 84.681
P2455 0.00379 1285.053 120.242 1317.946 69.377 1286.656 49.143 1253.763 100.008
P1088 0.00337 622.61 889.183 837.114 680.968 652.321 490.593 437.816 698.808
P1088 0.0021 481.191 934.625 736.602 719.433 540.982 487.25 285.57 702.442
P1088 0.00179 858.129 865.501 1096.942 753.008 973.513 490.98 734.7 603.473
P2420 0.00335 1065.428 2015.043 1093.908 1999.557 1072.426 1960.049 1043.946 1975.535
P2420 0.00206 1065.747 1980.132 1096.523 1942.63 1053.672 1907.464 1022.896 1944.966
P2420 0.00178 1076.117 1975.123 1107.233 1939.554 1066.468 1903.893 1035.353 1939.463
P2420 0.00157 1074.018 1999.038 1109.61 1968.43 1066.459 1918.252 1030.866 1948.86
P2420 0.00111 1057.278 1992.693 1078.439 1973.256 1049.815 1942.094 1028.654 1961.531
P2420 0.00106 1099.496 1964.767 1128.864 1939.571 1095.263 1900.408 1065.895 1925.604
P2098 0.02389 105.824 636.295 141.695 617.827 131.386 597.803 95.515 616.271
P2098 0.02266 109.114 655.703 147.405 649.09 142.696 621.824 104.405 628.437
P2098 0.01376 116.114 704.668 157.25 687.229 146.422 661.688 105.286 679.127
P2098 0.00422 366.472 810.613 366.277 796.442 297.509 797.387 297.704 811.558
P2098 0.00348 116.912 721.74 162.842 714.094 159.095 691.591 113.166 699.237
P2098 0.00115 285.437 814.837 285.687 794.16 202.925 793.163 202.676 813.84
P2098 0.00104 250.218 813.269 250.325 795.16 178.16 794.731 178.053 812.84
P2791 0.00824 3358.631 1824.954 3439.105 1727.618 3231.462 1555.946 3150.988 1653.282
P2791 0.00814 3322.604 1842.045 3394.838 1759.58 3211.97 1599.4 3139.736 1681.865
P2791 0.00223 3934.084 2664.984 4049.483 2511.414 3966.483 2449.044 3851.084 2602.615
P2791 0.00204 3387.075 1793.643 3458.432 1708.264 3253.118 1536.668 3181.761 1622.046
P2791 0.00157 3717.662 525.841 3733.542 378.684 3555.69 359.491 3539.81 506.648
P1086 0.00308 853.77 557.0 860.992 378.587 726.05 373.124 718.827 551.538
P1086 0.0024 876.956 841.128 891.985 812.659 861.638 796.639 846.609 825.107
P0123 0.0343 216.13 506.299 264.785 492.807 238.969 399.711 190.314 413.203
P0123 0.01602 278.161 489.002 327.161 473.139 297.609 381.856 248.609 397.72
P2012 0.00232 185.097 201.454 185.528 167.74 153.179 167.327 152.748 201.041
P2012 0.00204 71.115 54.665 73.069 2.296 24.259 0.475 22.305 52.844
P2012 0.0016 318.267 140.288 319.18 122.955 217.692 117.612 216.779 134.945
P2012 0.00115 312.044 474.86 316.43 413.685 281.575 411.186 277.189 472.361
P2012 0.0011 324.837 112.309 327.48 65.47 216.89 59.229 214.247 106.068
P2342 0.00388 1199.244 361.409 1202.097 300.748 1162.192 298.872 1159.339 359.533
P2342 0.00341 1459.246 1639.886 1470.81 1630.76 1461.914 1619.488 1450.351 1628.614
P2342 0.0026 1426.853 1661.528 1431.052 1637.574 1411.263 1634.105 1407.064 1658.06
P2342 0.00234 1194.324 382.318 1196.109 347.956 1167.093 346.448 1165.308 380.81
P2342 0.00182 1401.703 1651.198 1418.85 1640.634 1407.951 1622.944 1390.804 1633.508
P2342 0.00167 119.66 1760.743 137.425 1649.654 85.62 1641.37 67.854 1752.459
P1570 0.00265 3524.643 3824.045 3579.118 3789.784 3541.369 3729.764 3486.894 3764.025
P1598 0.00283 671.379 2145.522 715.358 2094.853 674.216 2059.143 630.237 2109.811
P2111 0.01007 366.467 817.681 366.841 797.89 283.812 796.319 283.438 816.11
P2111 0.00536 249.271 816.02 249.588 799.279 180.865 797.98 180.548 814.721
P1679 0.04441 938.643 4699.183 970.391 4527.005 825.051 4500.206 793.303 4672.383
P1679 0.03352 508.94 3604.371 514.236 3416.948 366.657 3412.777 361.36 3600.2
P1679 0.01717 328.3 3622.136 331.437 3437.538 238.181 3435.953 235.044 3620.551
P1679 0.0134 869.826 4770.606 950.856 4645.984 808.282 4553.282 727.253 4677.904
P1679 0.00575 882.717 4800.446 939.401 4684.693 815.497 4624.018 758.813 4739.771
P1679 0.00389 586.971 3599.7 593.33 3507.793 531.534 3503.518 525.174 3595.424
P1679 0.00385 191.955 3658.431 196.139 3472.322 89.978 3469.936 85.794 3656.045
P1679 0.00342 164.781 3662.742 163.479 3466.224 64.018 3466.883 65.32 3663.401
P1679 0.00319 363.731 3618.645 370.567 3422.723 274.429 3419.369 267.593 3615.29
P1679 0.00267 220.394 3637.038 217.79 3485.32 151.649 3486.455 154.253 3638.173
P1679 0.00259 595.959 3800.456 611.775 3655.013 512.673 3644.236 496.856 3789.679
P1679 0.00213 154.888 3605.847 154.629 3433.189 62.715 3433.327 62.974 3605.985
P1679 0.00197 186.102 3531.608 190.206 3424.647 107.133 3421.46 103.029 3528.421
P1679 0.00171 180.164 3433.475 183.094 3368.044 123.542 3365.377 120.612 3430.808
P1679 0.00149 411.95 3633.375 420.63 3433.075 321.471 3428.778 312.792 3629.078
P1919 0.00761 327.843 296.978 342.919 215.393 220.875 192.842 205.8 274.427
P1919 0.00749 12.724 94.397 11.932 13.771 -12.724 14.013 -11.932 94.64
P1919 0.00747 14.414 52.068 14.114 -9.554 -14.414 -9.415 -14.114 52.208
P1919 0.00551 302.277 312.294 326.9 231.011 189.766 189.47 165.144 270.752
P1919 0.00192 12.797 17.301 12.34 -17.63 -12.797 -17.301 -12.34 17.63
P1919 0.00153 399.914 709.285 403.253 619.697 352.603 617.809 349.263 707.397
P2429 0.00955 380.015 359.814 383.856 328.886 349.625 324.636 345.785 355.563
P2429 0.0073 344.587 359.512 348.362 331.915 321.251 328.206 317.476 355.803
P2429 0.00545 382.232 374.825 387.484 341.056 348.604 335.009 343.352 368.778
P2429 0.004 110.027 2651.092 110.265 2581.579 28.119 2581.299 27.881 2650.812
P2429 0.00326 353.445 378.222 359.118 343.106 319.594 336.721 313.921 371.837
P2429 0.00312 132.069 2649.888 135.711 2585.931 74.171 2582.427 70.529 2646.384
P2429 0.00296 276.923 350.075 281.53 322.864 257.956 318.872 253.349 346.083
P2429 0.00255 303.702 351.965 308.226 323.977 272.815 318.253 268.291 346.241
P2429 0.00222 430.07 360.958 435.532 320.491 394.512 314.954 389.05 355.42
P2429 0.00218 139.369 2628.843 139.378 2576.934 98.428 2576.927 98.419 2628.836
P2429 0.00185 384.803 309.298 387.754 279.564 361.465 276.955 358.515 306.689
P2429 0.00175 236.835 309.289 241.1 272.801 220.961 270.447 216.697 306.935
P2429 0.00132 233.306 296.149 237.533 259.132 215.178 256.579 210.951 293.596
P2429 0.00112 163.368 1948.176 188.444 1882.047 164.871 1873.108 139.795 1939.237
P1432 0.00949 1848.476 1158.296 1843.432 974.659 1751.625 977.181 1756.669 1160.818
P1432 0.0048 1860.664 1007.503 1860.635 883.196 1769.847 883.216 1769.876 1007.524
P1432 0.00354 1739.608 1146.781 1737.424 927.27 1596.672 928.67 1598.855 1148.181
P1432 0.00304 2893.972 1797.378 2950.545 1778.158 2906.008 1647.061 2849.435 1666.281
P2194 0.0214 1576.958 1982.171 1576.353 1877.423 1496.379 1877.884 1496.984 1982.632
P2194 0.00951 1152.994 249.403 1152.453 177.466 1110.988 177.777 1111.528 249.714
P2194 0.00549 1088.019 241.741 1091.139 166.858 1057.713 165.466 1054.593 240.349
P2194 0.00517 1476.572 1942.259 1476.266 1852.237 1421.617 1852.423 1421.923 1942.444
P2449 0.00297 683.471 495.583 702.169 470.766 682.377 455.854 663.679 480.671
P2449 0.0019 607.391 500.953 635.397 460.054 584.598 425.268 556.591 466.167
P2449 0.00185 763.27 543.209 786.798 488.486 749.224 472.331 725.696 527.054
P2449 0.00119 319.039 1325.548 321.62 1298.969 297.448 1296.622 294.867 1323.2
P2449 0.00115 673.03 487.327 707.802 437.571 652.026 398.591 617.254 448.346
P2449 0.00113 697.739 503.403 726.219 453.505 696.444 436.51 667.964 486.408
P2408 0.01141 1099.773 1687.019 1133.237 1679.137 1118.297 1615.708 1084.834 1623.589
P2408 0.0082 1346.261 2145.756 1373.06 2080.999 1290.795 2046.954 1263.995 2111.711
P2408 0.00773 1147.465 1815.411 1132.255 1737.965 1095.932 1745.098 1111.141 1822.545
P2093 0.01933 871.818 165.519 910.417 1.249 736.236 -39.679 697.637 124.591
P0647 0.00365 381.689 100.284 500.917 14.32 444.891 -63.385 325.663 22.579
P0665 0.00282 50.533 704.487 53.104 657.753 17.87 655.815 15.299 702.549
P0665 0.00179 337.046 1552.503 355.843 1530.972 313.494 1494.0 294.697 1515.531
P2044 0.89469 343.801 549.52 405.125 542.553 394.289 447.173 332.966 454.14
P2044 0.87572 278.145 550.6 337.009 546.047 329.73 451.943 270.865 456.496
P2044 0.00415 346.827 443.924 349.43 385.096 284.153 382.208 281.55 441.036
P2044 0.00326 331.388 481.095 328.323 446.589 286.314 450.32 289.38 484.827
P2044 0.0028 321.551 481.601 320.345 445.298 271.293 446.928 272.498 483.23
P2044 0.00226 246.215 545.768 272.261 543.578 266.833 479.02 240.787 481.21
P2011 0.00483 592.3 360.673 652.301 359.166 649.994 267.291 589.994 268.798
P2011 0.00323 650.617 356.442 699.224 356.738 699.765 267.871 651.158 267.575
P2011 0.00216 328.611 1139.873 327.832 1111.499 232.152 1114.127 232.931 1142.501
P2011 0.0012 10.534 796.333 10.051 713.778 -10.534 713.898 -10.051 796.454
P2477 0.00115 19.089 358.473 21.397 178.003 -19.089 177.485 -21.397 357.955
P2504 0.05267 1569.115 361.725 1593.022 298.903 1539.368 278.485 1515.461 341.307
P2504 0.04639 1263.32 327.5 1290.312 297.729 1263.198 273.145 1236.206 302.916
P2504 0.03808 1544.048 345.449 1558.88 295.361 1519.664 283.75 1504.833 333.837
P2504 0.03524 1273.029 481.661 1284.055 442.137 1243.152 430.726 1232.126 470.25
P2504 0.02654 1255.285 321.681 1291.134 294.214 1264.558 259.528 1228.708 286.994
P2504 0.0156 1302.788 312.099 1329.543 307.776 1320.307 250.612 1293.552 254.935
P2504 0.0151 1548.477 321.999 1578.906 272.521 1545.363 251.893 1514.934 301.37
P2504 0.01088 1540.165 362.118 1565.744 314.624 1527.96 294.275 1502.381 341.77
P2504 0.00922 1287.778 566.65 1301.908 552.961 1284.875 535.378 1270.745 549.067
P2504 0.009 1260.123 416.408 1282.183 383.859 1255.036 365.459 1232.975 398.009
P2504 0.00861 1259.7 544.241 1298.821 504.948 1268.172 474.432 1229.05 513.725
P2504 0.008 1230.238 324.871 1256.319 287.469 1227.592 267.438 1201.511 304.84
P2504 0.00781 1033.776 375.854 1071.518 362.335 1056.24 319.68 1018.498 333.199
P2504 0.00726 1270.932 422.267 1301.856 390.668 1274.841 364.231 1243.918 395.829
P2504 0.00637 1266.591 610.605 1301.126 587.97 1276.293 550.081 1241.758 572.716
P2504 0.00614 1264.825 423.696 1278.448 388.4 1250.707 377.692 1237.083 412.988
P2504 0.00594 1276.676 539.982 1297.137 521.656 1280.697 503.301 1260.236 521.628
P2504 0.00488 1424.686 1711.622 1470.819 1669.928 1431.909 1626.875 1385.775 1668.569
P2504 0.00464 1529.874 313.089 1549.448 270.465 1520.571 257.204 1500.997 299.828
P2504 0.00369 1256.067 631.954 1305.416 605.252 1282.394 562.705 1233.045 589.406
P2504 0.00319 1049.588 385.828 1058.267 334.475 1010.973 326.482 1002.293 377.835
P2504 0.00317 1263.603 312.899 1297.736 301.142 1281.071 252.758 1246.938 264.515
P2504 0.00303 1244.345 294.43 1286.73 274.734 1269.509 237.673 1227.124 257.369
P2504 0.00302 1336.399 485.665 1389.049 473.253 1360.038 350.195 1307.388 362.607
P2504 0.00282 1213.875 333.411 1241.246 283.155 1204.177 262.966 1176.805 313.222
P2504 0.00271 1283.992 487.723 1312.38 453.368 1271.844 419.872 1243.456 454.227
P2504 0.00265 1308.892 306.776 1332.775 301.285 1316.389 230.017 1292.507 235.509
P2504 0.00247 1277.182 496.652 1306.538 466.635 1275.465 436.245 1246.109 466.262
P2504 0.00234 1566.074 334.637 1614.281 280.028 1579.699 249.501 1531.493 304.111
P2504 0.00231 1300.947 601.903 1323.351 585.04 1303.579 558.772 1281.176 575.634
P2504 0.00231 1447.929 1748.647 1454.207 1721.677 1420.108 1713.738 1413.829 1740.708
P2504 0.00231 1049.214 371.35 1055.845 323.628 1017.58 318.311 1010.948 366.032
P2504 0.00225 1287.319 448.427 1318.233 418.525 1283.407 382.522 1252.494 412.424
P2504 0.00219 1219.998 309.221 1261.003 271.941 1239.222 247.984 1198.217 285.263
P2504 0.00213 1305.072 322.578 1330.67 315.139 1318.411 272.958 1292.814 280.398
P2504 0.00212 1073.108 384.444 1085.102 346.955 1053.41 336.816 1041.416 374.305
P2504 0.00198 1614.282 367.253 1629.669 305.601 1578.721 292.885 1563.334 354.538
P2504 0.00185 1280.18 359.355 1305.516 338.801 1288.339 317.627 1263.002 338.18
P2504 0.00183 1256.21 508.569 1285.011 486.853 1261.354 455.477 1232.552 477.194
P2129 0.1084 245.862 548.054 299.524 486.313 268.012 458.923 214.349 520.664
P2129 0.0464 462.237 837.174 495.286 787.784 462.321 765.726 429.273 815.117
P2129 0.0362 723.635 929.856 741.997 895.058 705.138 875.608 686.776 910.407
P2129 0.03414 563.506 981.499 579.349 956.52 535.876 928.948 520.033 953.927
P2129 0.02386 742.401 947.729 761.438 909.999 736.312 897.322 717.275 935.051
P2129 0.02014 672.009 1047.881 695.432 1006.609 664.781 989.214 641.358 1030.486
P2129 0.0187 204.741 699.042 264.382 625.951 225.249 594.019 165.607 667.11
P2129 0.00966 193.46 508.583 249.656 443.975 215.965 414.671 159.769 479.279
P2129 0.00845 698.99 901.242 710.656 881.394 691.026 869.856 679.36 889.705
P2129 0.00564 654.755 758.188 672.858 734.827 634.803 705.339 616.7 728.7
P2129 0.00293 686.804 1062.906 711.186 1023.412 681.133 1004.859 656.751 1044.353
P2129 0.00239 225.0 905.988 286.79 827.517 247.563 796.628 185.772 875.099
P2129 0.00211 623.285 1026.052 645.92 989.043 585.9 952.333 563.264 989.342
P2121 0.0071 752.272 1143.321 754.263 1091.615 626.053 1086.679 624.062 1138.385
P2121 0.00358 554.976 1134.057 554.061 1093.74 457.006 1095.943 457.921 1136.26
P2121 0.00324 700.163 1014.894 741.272 970.999 710.523 942.202 669.414 986.098
P2121 0.00103 620.074 855.368 664.264 852.406 658.014 759.158 613.824 762.12
P0199 0.00401 1095.666 1546.781 1188.951 1526.004 1159.045 1391.726 1065.759 1412.503
P0199 0.00383 194.141 507.634 238.574 477.216 193.949 412.03 149.516 442.448
P0199 0.00227 236.154 1411.863 252.501 1258.901 171.986 1250.297 155.64 1403.258
P2571 0.00278 717.236 1380.543 749.189 1361.054 710.192 1297.114 678.238 1316.602
P2571 0.00173 530.517 1222.47 634.973 1182.521 596.27 1081.325 491.815 1121.274
P2375 0.0063 1533.543 1096.986 1540.959 1067.91 1516.073 1061.562 1508.657 1090.638
P2375 0.00202 945.264 1414.793 960.758 1385.449 925.581 1366.875 910.087 1396.219
P2375 0.00194 968.606 432.427 994.629 400.679 958.254 370.864 932.231 402.612
P2375 0.00191 851.494 1453.92 869.302 1425.069 838.285 1405.924 820.477 1434.775
P2375 0.00159 1318.397 1723.352 1372.743 1631.162 1192.335 1524.811 1137.988 1617.001
P2375 0.00131 1388.424 2013.011 1395.464 1980.681 1364.838 1974.012 1357.798 2006.342
P2593 0.02614 15.047 139.326 82.245 131.751 68.741 11.962 1.544 19.537
P2593 0.01492 91.882 105.695 141.923 101.727 133.505 -4.46 83.463 -0.492
P2593 0.01279 663.334 718.106 707.948 706.137 686.343 625.605 641.729 637.574
P2593 0.00812 631.484 725.331 725.874 713.623 713.94 617.404 619.549 629.112
P2593 0.00666 759.211 708.008 789.675 657.338 743.039 629.3 712.575 679.97
P2593 0.0064 688.255 707.513 728.329 697.306 709.534 623.514 669.459 633.721
P2593 0.00615 653.098 715.655 770.93 701.635 760.116 610.749 642.284 624.768
P2593 0.00465 648.047 727.492 690.875 717.05 667.615 621.641 624.787 632.082
P2593 0.00453 710.241 703.383 751.483 689.289 727.101 617.942 685.858 632.037
P2593 0.00387 498.347 419.671 500.408 357.559 465.355 356.397 463.294 418.508
P2593 0.00371 134.768 88.469 189.176 80.945 177.669 -2.264 123.262 5.259
P2241 0.03586 412.46 806.722 410.291 761.488 379.845 762.947 382.013 808.182
P2241 0.0128 355.217 809.049 355.467 760.841 320.256 760.659 320.006 808.867
P2241 0.00665 505.39 773.63 503.835 712.599 466.871 713.541 468.426 774.572
P2241 0.00352 360.787 808.317 361.197 761.025 333.166 760.782 332.756 808.074
P2241 0.00338 378.518 809.095 378.931 758.66 355.881 758.472 355.469 808.907
P2241 0.00139 364.134 935.795 404.121 935.063 402.543 848.98 362.557 849.712
P2241 0.00128 414.564 932.809 454.338 932.201 453.06 848.531 413.285 849.139
P2241 0.00111 464.844 934.509 508.527 934.561 508.627 850.246 464.944 850.195
P0257 0.01452 1066.413 440.755 1113.962 338.673 970.34 271.773 922.79 373.855
P0622 0.001 206.152 1628.195 205.488 1587.655 74.212 1589.805 74.876 1630.345
P2768 0.07176 704.352 2072.012 706.374 2025.71 675.48 2024.361 673.458 2070.663
P2768 0.05858 908.799 1943.413 909.29 1903.392 878.888 1903.019 878.397 1943.04
P2768 0.05247 722.585 1803.614 728.557 1760.732 683.58 1754.469 677.608 1797.35
P2768 0.0509 915.285 2091.645 917.96 2033.627 887.966 2032.244 885.292 2090.262
P2768 0.04183 921.434 2055.086 920.589 1996.88 883.047 1997.426 883.892 2055.631
P2768 0.04001 924.707 2087.772 926.047 2000.891 885.116 2000.26 883.776 2087.141
P2768 0.01664 780.387 1804.155 784.243 1760.349 749.904 1757.326 746.048 1801.132
P2768 0.01538 868.988 2074.492 866.264 1864.829 727.372 1866.634 730.097 2076.297
P2768 0.01371 751.403 1802.695 756.133 1759.704 716.432 1755.335 711.702 1798.327
P2768 0.01124 915.891 1977.021 916.083 1921.685 877.109 1921.55 876.918 1976.886
P2768 0.01021 925.915 2030.716 924.998 1968.322 878.572 1969.004 879.489 2031.398
P2768 0.00911 711.134 1915.852 712.771 1867.146 677.839 1865.972 676.202 1914.678
P2768 0.00701 651.66 2075.852 652.263 2016.312 548.02 2015.256 547.417 2074.796
P2768 0.00549 704.878 1894.404 705.369 1858.52 676.485 1858.125 675.994 1894.009
P2768 0.00451 624.166 1862.654 630.0 1794.845 558.639 1788.706 552.805 1856.514
P2768 0.00438 695.238 1988.515 696.05 1946.177 669.084 1945.66 668.272 1987.998
P2768 0.00282 699.233 1998.953 700.43 1963.446 672.444 1962.502 671.247 1998.009
P2768 0.00236 271.49 455.426 294.502 428.959 263.051 401.614 240.039 428.081
P2768 0.00214 931.514 2092.207 935.305 2032.197 898.867 2029.895 895.076 2089.906
P1878 0.07316 121.82 638.018 123.444 602.135 79.919 600.165 78.296 636.049
P1878 0.03985 119.776 661.423 121.092 635.29 82.567 633.351 81.252 659.484
P1878 0.00659 540.576 79.642 540.713 35.7 509.425 35.602 509.288 79.545
P1878 0.0044 244.413 78.511 260.571 -17.812 185.617 -30.384 169.46 65.938
P1878 0.00367 371.53 646.08 416.375 647.134 418.663 549.796 373.817 548.742
P1878 0.00337 121.721 599.952 123.239 577.799 85.811 575.233 84.292 597.387
P1878 0.00327 194.84 82.464 235.308 29.582 172.498 -18.482 132.031 34.4
P1878 0.00223 133.478 86.695 141.11 24.037 90.876 17.918 83.244 80.576
P1878 0.00166 634.674 846.888 635.671 784.768 582.412 783.914 581.416 846.034
P1878 0.00151 12.833 293.908 13.986 157.657 -12.833 157.43 -13.986 293.681
P1878 0.00138 422.65 518.318 427.332 425.86 376.96 423.31 372.278 515.768
P1878 0.00131 323.042 50.04 323.385 -10.606 268.054 -10.918 267.711 49.727
P1878 0.00112 671.824 828.429 675.248 749.689 551.298 744.299 547.873 823.039
P2595 0.07343 111.1 916.139 166.59 911.648 156.881 791.694 101.391 796.185
P2595 0.0159 99.658 923.294 149.235 912.476 124.476 799.007 74.899 809.825
P2595 0.00286 131.701 882.279 180.746 823.836 124.855 776.932 75.81 835.375
P2595 0.00262 341.903 433.419 395.127 429.28 387.149 326.674 333.925 330.812
P2595 0.00162 120.823 684.571 125.657 605.283 40.353 600.082 35.519 679.37
P2595 0.00152 407.689 428.275 461.908 417.769 442.496 317.595 388.277 328.102
P2595 0.00111 127.162 866.458 149.228 812.675 83.563 785.733 61.496 839.516
P0368 0.14776 689.265 818.788 805.3 700.267 732.787 629.274 616.751 747.794
P0368 0.00222 261.832 682.762 332.193 613.683 283.603 564.191 213.242 633.269
P0659 0.64261 239.195 387.373 399.307 304.375 345.896 201.342 185.785 284.34
P0659 0.13377 375.656 319.895 421.19 285.645 364.823 210.708 319.289 244.958
P0659 0.00356 341.474 351.753 423.776 310.162 386.149 235.704 303.846 277.294
P0659 0.00325 208.103 361.947 263.379 339.476 233.289 265.459 178.013 287.931
P0659 0.00181 286.197 335.643 414.011 301.126 387.9 204.438 260.085 238.955
P1066 0.00499 188.997 995.956 212.402 919.079 142.918 897.924 119.513 974.801
P1474 0.00599 2423.087 1929.504 2457.366 1699.945 2310.723 1678.047 2276.444 1907.607
P2580 0.04332 796.078 1170.317 867.749 1109.735 796.107 1024.979 724.435 1085.561
P2580 0.03592 774.341 1137.927 845.699 1081.716 796.789 1019.627 725.432 1075.838
P2580 0.01939 733.444 1251.394 776.052 1211.065 714.762 1146.312 672.154 1186.642
P2580 0.01733 737.32 1143.349 798.614 1098.833 765.566 1053.329 704.272 1097.846
P2580 0.01106 384.963 1066.998 445.43 1035.937 370.631 890.327 310.165 921.388
P2088 0.00346 400.195 360.535 403.544 194.741 312.271 192.898 308.922 358.691
P2088 0.00113 295.954 360.311 293.737 187.798 209.988 188.874 212.204 361.387
P0242 0.84478 100.849 629.019 199.266 605.365 152.433 410.511 54.016 434.165
P0882 0.00742 368.777 2041.618 393.687 1862.138 221.408 1838.228 196.498 2017.708
P0882 0.00406 620.43 1093.152 623.06 1020.996 476.78 1015.665 474.151 1087.822
P1184 0.00109 589.018 6140.055 597.025 6064.049 542.984 6058.356 534.976 6134.362
P1880 0.00289 421.091 765.715 420.271 724.423 388.106 725.062 388.926 766.353
P1880 0.00149 440.034 766.236 438.291 686.688 370.215 688.18 371.958 767.727
P1880 0.00132 419.629 777.707 422.083 725.131 344.628 721.515 342.174 774.091
P0589 0.00145 665.815 119.59 669.686 57.247 615.012 53.853 611.141 116.195
