P1854 0.00584 6553.919 3011.503 6578.005 2859.283 6430.464 2835.937 6406.378 2988.157
P1122 0.00442 1026.314 1934.755 1051.886 1658.888 729.191 1628.975 703.619 1904.843
P1122 0.00222 3780.662 1035.477 3799.527 780.562 3490.14 757.666 3471.276 1012.581
P1122 0.00164 4306.992 2586.559 4322.117 2342.392 4008.415 2322.959 3993.29 2567.127
P1122 0.00163 2911.804 658.656 2920.819 440.572 2652.712 429.49 2643.698 647.573
P1122 0.00151 3924.999 1246.575 3941.985 1141.155 3805.059 1119.093 3788.073 1224.513
P1122 0.0015 578.994 1068.983 595.801 840.269 338.297 821.346 321.49 1050.061
P1122 0.00147 3176.968 1661.897 3215.951 1352.462 2858.607 1307.443 2819.624 1616.878
P1122 0.00147 2970.212 156.807 2993.226 107.817 2926.626 76.531 2903.613 125.521
P1122 0.0013 2753.977 159.776 2772.516 103.933 2712.327 83.951 2693.788 139.794
P1122 0.00123 4350.064 916.13 4347.23 701.238 4082.984 704.723 4085.818 919.616
P1122 0.00117 4312.546 215.91 4314.812 151.225 4252.952 149.058 4250.686 213.743
P1122 0.00115 2913.576 58.072 2924.525 -0.314 2869.399 -10.652 2858.45 47.734
P2230 0.0074 2219.754 1031.317 2221.544 1002.455 2190.194 1000.51 2188.403 1029.372
P2230 0.00159 1762.585 925.126 1772.207 882.374 1724.456 871.627 1714.834 914.378
P2230 0.0013 430.617 675.018 448.877 584.314 371.287 568.694 353.027 659.398
P1138 0.61002 454.669 400.805 462.674 326.378 390.142 318.578 382.137 393.005
P1138 0.2295 876.129 939.636 911.52 641.416 624.581 607.364 589.19 905.584
P1138 0.01169 918.177 1017.228 948.109 825.321 697.574 786.245 667.642 978.151
P0170 0.0011 69.496 422.429 75.451 402.595 52.441 395.686 46.486 415.519
P2239 0.02671 942.893 96.991 942.618 71.412 918.386 71.673 918.66 97.251
P2239 0.00456 938.29 99.21 939.023 82.643 919.059 81.759 918.326 98.326
P2239 0.00164 293.719 295.397 296.321 269.554 261.216 266.02 258.615 291.864
P2239 0.00125 795.544 240.106 798.715 210.546 756.883 206.059 753.712 235.619
P2168 0.00281 1028.851 1076.405 1039.703 1075.997 1038.808 1052.153 1027.956 1052.56
P2168 0.00202 972.466 1074.349 973.583 1052.274 962.559 1051.716 961.442 1073.791
P2168 0.0017 1001.08 1077.321 1000.993 1052.457 989.203 1052.498 989.29 1077.362
P2168 0.00141 1076.812 1073.849 1076.624 1051.299 1061.604 1051.424 1061.792 1073.974
P2168 0.00138 974.02 1137.758 987.593 1134.714 982.204 1110.678 968.631 1113.721
P2168 0.00112 1049.107 1072.922 1049.668 1050.726 1037.013 1050.406 1036.451 1072.602
P0491 0.00135 2324.745 1542.074 2339.335 1521.391 2321.49 1508.803 2306.899 1529.486
P0491 0.00101 2378.051 1626.419 2390.12 1608.839 2355.795 1585.275 2343.726 1602.855
P2236 0.01579 1131.697 491.904 1134.161 445.611 1092.381 443.387 1089.917 489.68
P2236 0.00655 128.431 786.743 136.603 731.964 82.496 723.892 74.324 778.672
P2236 0.00154 62.601 722.386 77.246 685.03 40.154 670.488 25.509 707.844
P2236 0.00116 334.579 574.566 336.945 536.043 291.372 533.245 289.007 571.768
P2214 0.00268 661.147 555.442 668.437 514.059 640.587 509.153 633.297 550.536
P2214 0.00154 60.767 539.523 73.244 505.167 58.224 499.713 45.747 534.069
P2214 0.00147 494.492 224.305 507.327 182.95 479.591 174.342 466.757 215.697
P2214 0.00131 721.374 628.058 726.032 611.553 714.193 608.211 709.534 624.716
P2214 0.00118 148.802 659.49 160.209 620.541 130.231 611.762 118.824 650.71
P2214 0.00112 453.359 573.745 459.411 536.838 430.193 532.047 424.141 568.954
P2220 0.01456 944.164 667.126 945.523 650.234 917.517 647.98 916.157 664.872
P2220 0.00635 939.913 676.601 942.404 661.694 917.124 657.468 914.632 672.375
P2220 0.00537 837.802 790.069 843.476 784.94 835.19 775.772 829.516 780.9
P2220 0.00527 892.946 772.398 893.332 761.693 879.347 761.189 878.961 771.894
P2220 0.00522 983.372 802.169 993.158 794.962 985.54 784.617 975.754 791.823
P2220 0.0051 997.321 731.202 1002.888 719.605 989.769 713.309 984.203 724.906
P2220 0.00492 823.345 795.677 829.766 789.573 821.446 780.821 815.025 786.925
P2220 0.00467 1001.298 719.325 1006.296 708.522 991.61 701.729 986.613 712.532
P2220 0.00464 941.818 672.237 942.846 653.13 915.172 651.642 914.144 670.749
P2220 0.00356 873.924 776.971 875.442 766.426 862.401 764.548 860.883 775.094
P2220 0.00346 852.783 787.689 858.226 781.382 846.492 771.254 841.048 777.56
P2220 0.00296 890.504 773.771 900.07 765.727 891.669 755.737 882.103 763.781
P2220 0.00271 980.317 735.974 987.77 723.269 978.075 717.581 970.621 730.286
P2166 0.00143 105.783 269.704 106.974 243.245 77.958 241.939 76.767 268.398
P1128 0.01015 725.151 609.926 789.162 485.09 596.793 386.45 532.782 511.286
P0816 0.00107 761.809 99.749 767.85 82.506 758.243 79.14 752.202 96.384
P2197 0.00448 796.418 1540.508 797.094 1458.413 765.595 1458.154 764.919 1540.249
P2197 0.00387 1929.633 1534.729 1929.799 1447.938 1889.142 1447.86 1888.976 1534.651
P1278 0.00117 376.503 1119.284 411.778 994.211 303.08 963.554 267.804 1088.626
P1278 0.00116 509.384 969.908 540.211 909.985 473.026 875.421 442.198 935.344
P0168 0.01931 864.997 828.725 869.493 724.474 761.837 719.831 757.341 824.082
P0168 0.0032 752.526 775.763 780.371 665.318 643.104 630.712 615.26 741.156
P0168 0.00305 918.461 690.539 932.224 559.932 796.271 545.606 782.508 676.213
P0168 0.00166 1668.599 1181.594 1671.62 1145.968 1631.889 1142.599 1628.867 1178.225
P0168 0.00126 802.965 667.529 809.305 599.693 730.331 592.313 723.992 660.149
P0168 0.00101 1634.897 1267.278 1638.699 1240.67 1605.673 1235.95 1601.871 1262.559
P2709 0.01715 2423.805 910.424 2439.344 860.053 2408.835 850.642 2393.297 901.013
P2709 0.01498 2983.067 811.469 2992.644 762.57 2945.252 753.288 2935.675 802.187
P1463 0.07151 619.953 2831.325 633.001 2724.207 519.486 2710.379 506.437 2817.498
P1463 0.00703 356.279 2502.134 371.276 2460.219 314.747 2439.992 299.75 2481.907
P1463 0.00318 562.862 2871.96 582.16 2796.678 488.007 2772.542 468.709 2847.824
P0194 0.01767 696.816 35.27 703.059 16.198 675.269 7.103 669.027 26.175
P1440 0.01091 1946.729 1588.587 1951.214 1536.296 1902.648 1532.131 1898.163 1584.422
P1440 0.00429 1905.414 1596.889 1919.164 1520.577 1835.586 1505.517 1821.835 1581.83
P1440 0.00361 1818.532 1272.776 1827.564 1246.144 1797.823 1236.058 1788.791 1262.689
P1440 0.00255 1842.792 1266.931 1853.073 1235.909 1806.871 1220.598 1796.591 1251.62
P1440 0.00167 1829.849 1252.844 1838.537 1227.475 1806.851 1216.622 1798.162 1241.991
P1440 0.00115 1933.39 1606.353 1939.298 1556.052 1894.666 1550.809 1888.757 1601.11
P1440 0.00108 1947.313 1619.52 1952.316 1537.036 1891.336 1533.337 1886.332 1615.82
P0173 0.02165 661.272 404.29 668.48 383.111 648.709 376.383 641.501 397.562
P0173 0.02092 488.931 593.108 512.093 504.156 418.705 479.839 395.543 568.791
P0173 0.01407 784.344 576.261 811.078 506.109 753.323 484.099 726.589 554.251
P0173 0.00234 444.446 253.496 450.848 216.986 418.894 211.382 412.491 247.893
P0173 0.00177 439.711 260.656 468.493 154.189 368.481 127.152 339.699 233.618
P0173 0.00113 747.717 518.193 749.926 445.881 684.528 443.884 682.319 516.196
P2218 0.00202 287.969 653.829 306.209 622.152 280.698 607.463 262.458 639.14
P2218 0.0019 572.083 52.144 577.299 37.417 557.949 30.563 552.732 45.289
P2218 0.00137 880.416 266.279 892.022 250.723 878.355 240.525 866.748 256.081
P2218 0.0011 590.247 331.196 599.471 292.059 567.16 284.444 557.937 323.581
P0213 0.0107 224.304 615.894 234.032 588.288 215.945 581.914 206.217 609.521
P2802 0.04524 2181.948 3834.618 2190.491 3668.179 2026.995 3659.787 2018.452 3826.226
P2802 0.00206 3118.266 3506.807 3127.733 3436.127 3061.127 3427.206 3051.661 3497.886
P2802 0.002 3420.281 2525.65 3427.937 2430.164 3329.993 2422.312 3322.338 2517.798
P2802 0.00198 1319.22 4414.136 1328.859 4257.309 1170.948 4247.604 1161.309 4404.431
P2802 0.00168 2231.166 4188.141 2235.062 4119.568 2176.619 4116.247 2172.722 4184.819
P2802 0.00156 1706.782 4330.414 1710.548 4175.482 1563.836 4171.916 1560.07 4326.848
P1156 0.1575 3204.57 409.891 3220.143 317.071 3131.621 302.22 3116.049 395.04
P1156 0.07368 687.506 1138.394 863.848 835.479 629.016 698.771 452.674 1001.687
P1156 0.05272 2644.7 891.384 2655.347 725.115 2507.14 715.625 2496.494 881.893
P1156 0.01491 3101.387 310.724 3124.328 230.464 3052.227 209.855 3029.286 290.116
P1156 0.00917 2173.734 1324.124 2195.404 1036.953 1910.29 1015.438 1888.62 1302.609
P1156 0.0088 3315.184 151.148 3318.819 44.983 3222.69 41.691 3219.054 147.857
P1156 0.00773 2534.545 972.473 2534.821 772.377 2337.259 772.105 2336.983 972.201
P1156 0.00766 3021.057 523.483 3056.194 418.178 2960.566 386.27 2925.429 491.575
P1156 0.00578 3151.571 469.118 3175.762 360.343 3065.782 335.884 3041.591 444.659
P1156 0.0051 3265.788 343.036 3279.165 264.726 3201.486 251.456 3188.108 329.766
P1156 0.00311 1925.604 1559.426 1947.248 1249.621 1656.849 1229.333 1635.205 1539.138
P1156 0.00294 2370.304 1114.104 2377.538 911.091 2174.936 903.872 2167.702 1106.885
P1156 0.00238 1377.069 2050.924 1410.878 1739.536 1093.323 1705.056 1059.513 2016.444
P1156 0.0022 3196.162 394.494 3214.439 274.012 3101.147 256.825 3082.87 377.307
P1156 0.00198 1595.297 1846.701 1641.394 1525.628 1340.933 1482.49 1294.835 1803.563
P1156 0.00191 779.648 2559.142 837.941 2178.554 442.855 2118.04 384.562 2498.628
P1156 0.00151 3145.267 315.305 3167.779 204.736 3054.135 181.598 3031.624 292.168
P1156 0.00134 1277.626 615.574 1464.993 403.602 1288.385 247.495 1101.018 459.467
P1156 0.00132 3104.6 519.924 3169.412 320.96 3016.917 271.284 2952.104 470.249
P1156 0.00122 2946.908 600.799 2954.982 404.732 2754.255 396.467 2746.182 592.533
P0352 0.00162 1119.87 1041.597 1122.218 1012.198 1099.295 1010.367 1096.947 1039.766
P0217 0.01089 1015.401 1137.74 1030.404 1069.054 969.312 1055.709 954.309 1124.395
P0217 0.01008 640.917 1433.378 645.893 1422.524 623.02 1412.036 618.043 1422.891
P0217 0.00827 620.746 727.471 627.124 690.183 596.485 684.943 590.107 722.23
P0217 0.00552 610.126 1437.091 619.163 1419.031 597.513 1408.197 588.476 1426.257
P0217 0.00421 524.021 508.51 537.259 446.128 481.183 434.228 467.945 496.61
P0217 0.00403 911.068 318.65 922.169 303.944 897.216 285.107 886.114 299.813
P0217 0.00369 621.011 1434.508 626.583 1420.292 595.645 1408.167 590.073 1422.383
P0217 0.00366 734.643 1033.877 743.663 1005.495 711.458 995.259 702.437 1023.641
P0217 0.00283 690.56 1073.365 732.35 1041.713 701.54 1001.036 659.751 1032.688
P1143 0.43709 1241.645 1824.33 1269.071 1611.865 1069.316 1586.08 1041.89 1798.545
P1143 0.01468 3830.688 294.391 3858.635 223.41 3804.838 202.228 3776.89 273.209
P1143 0.01446 2953.829 4362.119 2971.168 4237.482 2854.976 4221.317 2837.636 4345.954
P1143 0.01397 4761.124 274.793 4793.434 187.83 4685.314 147.659 4653.005 234.623
P1143 0.01241 4125.067 1225.824 4137.957 1146.078 4056.423 1132.899 4043.532 1212.645
P1143 0.01078 3899.115 399.515 3933.06 332.423 3862.002 296.471 3828.057 363.563
P1143 0.01028 2506.894 394.738 2592.575 326.55 2554.913 279.226 2469.232 347.413
P1143 0.00736 4089.192 957.515 4107.015 855.874 4014.382 839.63 3996.559 941.271
P1143 0.0071 2735.069 783.972 2756.838 721.022 2699.051 701.038 2677.281 763.988
P1143 0.00674 2698.798 814.34 2727.818 737.522 2648.226 707.454 2619.206 784.273
P1143 0.00558 1610.455 1662.168 1616.308 1410.238 1364.236 1404.382 1358.383 1656.312
P1143 0.00448 4426.898 733.528 4437.436 580.549 4288.172 570.267 4277.634 723.246
P1143 0.00396 2532.667 358.086 2659.154 281.61 2634.67 241.115 2508.183 317.591
P1143 0.00347 2830.901 3312.245 2873.104 3191.668 2745.95 3147.165 2703.748 3267.741
P1143 0.00324 4205.45 481.591 4220.917 406.93 4149.415 392.118 4133.948 466.779
P1143 0.00308 2467.917 374.852 2580.008 299.359 2551.405 256.89 2439.314 332.384
P1143 0.00303 4158.207 629.051 4170.576 563.238 4104.154 550.754 4091.785 616.568
P1143 0.00295 4688.303 198.705 4711.051 107.119 4619.461 84.369 4596.713 175.956
P1143 0.00271 2300.49 278.126 2367.973 177.145 2229.573 84.656 2162.091 185.637
P1143 0.00243 4131.972 1172.71 4147.386 1083.549 4060.073 1068.455 4044.659 1157.616
P1143 0.00227 4272.605 893.88 4304.728 729.921 4134.123 696.497 4102.001 860.455
P1143 0.002 4486.947 1205.913 4523.039 1132.066 4463.22 1102.831 4427.128 1176.678
P1143 0.00175 4091.046 4418.668 4120.942 4181.679 3872.435 4150.33 3842.539 4387.319
P1143 0.00168 3031.557 3054.812 3059.33 2951.245 2942.484 2919.911 2914.712 3023.479
P1143 0.00155 2778.43 701.986 2808.792 623.016 2721.865 589.594 2691.503 668.564
P1143 0.00154 2911.442 3419.526 3113.036 3029.492 2793.855 2864.519 2592.261 3254.552
P1143 0.00134 3410.78 3372.254 3461.197 3257.389 3348.394 3207.878 3297.978 3322.743
P1143 0.00121 853.9 3007.349 885.227 2762.223 659.589 2733.387 628.262 2978.513
P1143 0.00104 706.557 2302.7 750.386 2085.938 507.725 2036.872 463.896 2253.634
P1650 0.00144 3898.166 3499.19 3934.183 3463.766 3907.178 3436.309 3871.161 3471.733
P1742 0.00873 3366.892 3594.293 3374.434 3534.492 3331.189 3529.038 3323.648 3588.839
P1742 0.00856 3362.025 3571.278 3367.943 3519.506 3323.383 3514.413 3317.466 3566.185
P1742 0.00589 3351.679 3668.667 3357.476 3620.961 3316.083 3615.932 3310.287 3663.637
P1742 0.00479 3251.786 3900.284 3260.082 3817.601 3188.448 3810.413 3180.153 3893.097
P1742 0.002 3354.587 3864.368 3365.63 3812.827 3325.003 3804.122 3313.959 3855.663
P1742 0.00197 3324.581 3618.075 3330.391 3557.907 3276.417 3552.694 3270.606 3612.863
P0179 0.02483 3649.873 3431.446 3689.168 3366.73 3647.569 3341.471 3608.274 3406.187
P0179 0.01361 3201.551 4060.059 3205.585 4009.608 3125.49 4003.204 3121.456 4053.655
P2541 0.0052 2236.324 1063.824 2234.987 1002.021 2200.191 1002.773 2201.528 1064.577
P2541 0.00423 2107.299 1048.56 2106.643 1003.892 2074.239 1004.369 2074.895 1049.036
P1154 0.35115 3532.989 234.346 3548.721 121.055 3460.359 108.785 3444.627 222.076
P1154 0.11528 2985.133 1216.61 3004.394 1083.849 2881.61 1066.036 2862.35 1198.797
P1154 0.11456 3628.183 392.001 3660.262 275.931 3515.392 235.891 3483.312 351.961
P1154 0.01024 501.885 3453.457 515.209 3238.576 296.388 3225.007 283.064 3439.889
P1154 0.00557 3639.577 2266.245 3655.532 2171.068 3510.854 2146.814 3494.899 2241.992
P1154 0.00405 3242.498 1011.799 3268.055 859.529 3126.39 835.751 3100.832 988.021
P1154 0.00304 3158.593 1074.667 3168.07 961.266 3048.362 951.262 3038.885 1064.663
P1154 0.00297 228.148 3264.209 236.645 3166.765 134.678 3157.874 126.181 3255.318
P1154 0.00264 2569.932 164.273 2585.261 41.793 2475.769 28.09 2460.441 150.57
P1154 0.00234 3381.611 894.583 3410.349 741.21 3261.363 713.294 3232.625 866.667
P1154 0.00132 1122.785 3285.894 1177.566 3168.951 1087.298 3126.666 1032.517 3243.608
P1154 0.00101 722.253 3641.139 759.896 3509.19 650.891 3478.093 613.248 3610.041
P1720 0.00254 2619.235 2227.87 2621.419 2174.343 2574.642 2172.434 2572.457 2225.961
P1720 0.00182 32.346 386.526 95.928 377.907 90.142 335.224 26.56 343.844
P1720 0.00171 400.391 3034.649 407.387 2984.327 358.436 2977.522 351.44 3027.844
P1720 0.00163 384.424 3018.598 392.037 2960.141 340.71 2953.456 333.097 3011.913
P1651 0.00238 3228.963 1790.914 3247.397 1765.307 3217.892 1744.067 3199.458 1769.674
P1601 0.00926 475.741 1960.186 484.64 1919.416 444.962 1910.756 436.064 1951.526
P1601 0.00823 434.994 2043.223 447.163 2005.739 414.25 1995.054 402.081 2032.537
P1601 0.00421 351.057 2110.988 382.85 2047.743 351.348 2031.907 319.555 2095.152
P1601 0.00368 198.738 2162.583 209.849 2114.581 158.756 2102.754 147.644 2150.756
P1619 0.00181 294.746 3471.308 335.664 3378.205 262.414 3346.012 221.496 3439.116
P1560 0.00118 633.463 2425.503 637.781 2333.318 573.829 2330.323 569.512 2422.508
P1579 0.00126 63.273 1194.396 80.713 1141.903 36.292 1127.145 18.852 1179.637
P1275 0.00146 1689.563 1871.949 1693.524 1799.291 1633.379 1796.011 1629.417 1868.67
P0375 0.00292 278.108 95.827 294.475 75.749 269.055 55.028 252.688 75.106
P1512 0.00881 602.27 176.04 625.752 146.173 584.197 113.501 560.714 143.367
P1512 0.00363 637.518 210.62 655.143 190.511 627.508 166.29 609.883 186.399
P0673 0.00293 619.062 1141.638 621.172 1125.013 605.676 1123.047 603.567 1139.672
P0673 0.00185 582.472 1133.879 585.036 1122.826 572.803 1119.989 570.24 1131.042
P0673 0.00135 296.909 928.407 300.498 916.065 286.707 912.055 283.118 924.397
P0673 0.00117 258.514 955.314 261.837 939.745 245.147 936.183 241.824 951.751
P0161 0.01091 1058.298 1145.124 1080.507 1132.868 1066.393 1107.293 1044.184 1119.549
P0161 0.00785 1066.599 1150.795 1069.068 1120.329 1045.548 1118.423 1043.079 1148.889
P0161 0.00694 1136.789 1141.118 1154.728 1118.742 1132.997 1101.321 1115.058 1123.697
P0161 0.00502 623.525 542.89 629.68 511.603 606.719 507.086 600.564 538.373
P0161 0.0044 1105.288 1078.393 1106.899 1041.922 1082.241 1040.833 1080.63 1077.304
P0161 0.00321 659.182 913.802 668.299 890.883 645.237 881.709 636.12 904.628
P0161 0.00306 1073.106 1086.059 1074.708 1052.004 1049.401 1050.813 1047.799 1084.868
P1178 0.12761 1491.223 408.95 1504.325 319.059 1455.303 311.914 1442.201 401.804
P1178 0.11888 1537.349 402.893 1551.081 321.134 1501.334 312.778 1487.602 394.538
P1178 0.02614 2257.477 3720.077 2263.65 3623.303 2160.127 3616.699 2153.954 3713.473
P1178 0.01829 2669.342 3173.32 2674.808 3128.672 2630.307 3123.224 2624.841 3167.871
P1178 0.01143 2044.155 536.189 2056.425 460.685 2005.144 452.351 1992.874 527.855
P1178 0.01079 2274.778 3158.023 2283.296 3108.459 2248.021 3102.397 2239.504 3151.961
P1178 0.00877 1535.462 439.074 1550.672 339.028 1499.63 331.268 1484.42 431.314
P1178 0.00825 1910.258 513.856 1918.804 455.17 1880.848 449.643 1872.302 508.329
P1178 0.00822 2039.347 570.693 2049.391 488.651 2000.426 482.656 1990.383 564.699
P1178 0.00724 1523.88 398.643 1535.816 311.602 1484.564 304.573 1472.629 391.615
P1178 0.00606 1964.974 542.942 1979.239 458.625 1937.896 451.631 1923.632 535.947
P1178 0.00522 1587.908 468.52 1610.582 366.08 1569.826 357.059 1547.152 459.499
P1178 0.00493 2101.398 537.606 2112.855 473.576 2063.46 464.738 2052.003 528.767
P1178 0.00491 2364.86 2469.843 2371.512 2408.371 2328.839 2403.752 2322.186 2465.225
P1133 0.00726 173.97 703.356 251.487 645.612 183.376 554.178 105.859 611.922
P1133 0.00145 484.598 640.083 522.282 563.105 462.382 533.781 424.698 610.758
P1133 0.00112 228.351 435.681 296.773 360.509 205.559 277.486 137.137 352.658
P1134 0.0011 339.875 829.636 366.16 801.364 327.186 765.13 300.901 793.402
P0476 0.13042 102.289 119.54 107.093 70.007 66.265 66.047 61.461 115.58
P0654 0.00702 1054.417 799.231 1055.478 768.798 984.253 766.314 983.191 796.747
P0396 0.00128 5.255 305.142 14.091 289.863 1.37 282.506 -7.465 297.785
P1376 0.00255 1998.509 2658.618 2011.529 2578.785 1932.997 2565.977 1919.976 2645.81
P1376 0.00212 2044.756 2637.281 2059.194 2565.526 1984.433 2550.483 1969.995 2622.238
P1483 0.47939 1038.732 507.893 1047.842 279.152 869.183 272.037 860.073 500.777
P1483 0.16678 822.163 1552.62 821.178 1399.076 676.181 1400.006 677.166 1553.551
P1483 0.07124 540.96 479.441 549.858 263.999 341.819 255.406 332.922 470.849
P1483 0.02091 831.487 1061.172 835.68 815.55 623.897 811.934 619.703 1057.556
P1483 0.01368 1065.765 1545.476 1070.172 1396.955 927.828 1392.731 923.421 1541.252
P1452 0.2746 836.32 530.144 848.679 454.978 761.599 440.661 749.241 515.826
P1452 0.00499 660.839 285.198 682.069 245.621 646.468 226.523 625.238 266.1
P2215 0.002 583.904 421.865 601.857 384.637 576.49 372.403 558.537 409.631
P2215 0.00132 261.648 698.45 275.149 664.327 245.285 652.51 231.783 686.634
P2215 0.00112 404.757 505.254 420.798 471.834 394.996 459.45 378.956 492.87
P2215 0.0011 119.993 716.736 133.908 681.953 107.991 671.585 94.076 706.368
P2215 0.00108 495.104 389.097 508.544 351.89 482.748 342.572 469.308 379.779
P0206 0.00596 980.91 143.099 994.538 123.013 942.745 87.874 929.117 107.961
P1573 0.00176 4081.255 1048.266 4089.968 993.404 4035.132 984.696 4026.42 1039.557
P1573 0.00161 3967.182 689.735 3985.158 593.934 3901.509 578.239 3883.533 674.039
P1573 0.00149 3864.684 683.869 3877.696 617.009 3802.001 602.278 3788.989 669.137
P1573 0.00108 3876.37 629.388 3893.965 571.901 3838.023 554.78 3820.429 612.267
P2539 0.00241 234.539 454.686 234.446 431.107 210.022 431.203 210.114 454.782
P1088 0.00512 620.951 1836.24 637.746 1671.02 476.495 1654.628 459.7 1819.848
P1088 0.00399 233.669 322.843 236.371 296.062 190.284 291.413 187.582 318.193
P1088 0.00379 1236.141 103.551 1240.747 26.519 1190.114 23.491 1185.507 100.524
P1088 0.00276 1171.231 1819.29 1186.372 1628.823 999.949 1614.004 984.808 1804.471
P1088 0.00165 1023.597 551.566 1032.541 495.703 954.395 483.191 945.451 539.054
P1088 0.00138 409.608 268.248 411.753 220.92 353.773 218.293 351.629 265.621
P1088 0.00129 824.014 1479.449 830.291 1457.417 810.346 1451.735 804.069 1473.766
P1088 0.0012 495.775 896.394 499.538 813.589 415.404 809.765 411.641 892.57
P1088 0.00115 825.086 895.181 832.606 877.305 818.859 871.523 811.34 889.398
P2098 0.00131 568.243 101.541 575.352 0.098 508.626 -4.578 501.517 96.865
P2791 0.02175 4681.087 4472.96 4719.445 4381.067 4641.525 4348.542 4603.167 4440.435
P2791 0.01304 980.264 2589.604 991.904 2510.702 906.932 2498.166 895.291 2577.068
P2791 0.01088 4505.694 4300.195 4533.153 4201.281 4444.274 4176.608 4416.815 4275.522
P2791 0.00551 1412.718 4837.956 1443.175 4787.333 1337.87 4723.977 1307.413 4774.599
P2791 0.00524 1589.73 2355.079 1616.899 2286.061 1556.061 2262.113 1528.893 2331.131
P2791 0.0052 628.629 2568.938 634.161 2510.192 566.54 2503.824 561.008 2562.57
P2791 0.00458 2353.042 2402.084 2378.444 2340.11 2320.097 2316.194 2294.694 2378.168
P2791 0.00417 398.621 4689.125 416.431 4575.743 302.33 4557.82 284.52 4671.202
P2791 0.00372 2068.345 3221.145 2104.432 3151.009 2017.274 3106.164 1981.187 3176.3
P2791 0.0031 856.849 4371.36 886.061 4319.443 823.418 4284.195 794.205 4336.112
P2791 0.00279 1252.731 2143.506 1282.802 2062.523 1186.17 2026.641 1156.099 2107.623
P2791 0.00214 2417.232 3733.452 2473.589 3496.219 2248.4 3442.723 2192.042 3679.955
P2791 0.00187 2096.155 2151.033 2113.45 1961.937 1941.759 1946.234 1924.464 2135.33
P2791 0.00186 401.428 4754.572 422.067 4601.042 265.63 4580.012 244.991 4733.542
P2791 0.00183 2992.533 2783.684 3020.654 2664.868 2894.427 2634.993 2866.306 2753.809
P2791 0.00162 885.592 2279.39 923.342 2212.76 867.019 2180.85 829.269 2247.48
P2791 0.00156 992.864 4469.286 1015.659 4432.625 920.322 4373.346 897.527 4410.006
P2791 0.00156 2270.96 4547.53 2309.702 4487.604 2205.52 4420.251 2166.778 4480.177
P2791 0.00153 2444.378 3004.63 2480.005 2948.018 2410.252 2904.121 2374.625 2960.733
P2791 0.00148 4764.012 6003.924 4804.112 5901.775 4714.808 5866.716 4674.707 5968.866
P2791 0.00136 1685.616 1928.366 1727.505 1730.295 1574.386 1697.913 1532.497 1895.984
P2791 0.00134 4578.181 5469.239 4573.523 5309.067 4420.43 5313.52 4425.088 5473.692
P2791 0.00128 3085.224 4325.133 3115.299 4088.334 2910.182 4062.283 2880.106 4299.082
P2791 0.00126 2285.488 5542.737 2323.754 5490.02 2205.629 5404.277 2167.363 5456.995
P2791 0.00125 1173.577 4726.279 1211.267 4666.759 1098.82 4595.552 1061.129 4655.072
P2791 0.00124 2204.968 2034.537 2263.303 1899.181 2174.862 1861.065 2116.526 1996.42
P2791 0.00116 2202.474 5653.56 2255.706 5584.743 2139.439 5494.809 2086.208 5563.625
P2791 0.00109 3812.235 4323.706 3858.994 4164.314 3704.952 4119.125 3658.193 4278.516
P2791 0.00102 3988.791 5010.542 4054.862 4848.086 3897.487 4784.082 3831.417 4946.538
P2791 0.001 1123.045 2210.469 1158.876 2130.32 1076.376 2093.437 1040.544 2173.587
P2342 0.00186 1266.191 2387.434 1263.016 2358.361 1242.814 2360.566 1245.989 2389.639
P2342 0.00112 554.65 2345.705 563.188 2323.49 543.177 2315.799 534.639 2338.014
P1919 0.00868 371.114 285.418 371.627 275.937 350.667 274.802 350.154 284.283
P1919 0.00192 376.645 284.208 377.687 271.811 347.837 269.304 346.795 281.701
P2231 0.01966 570.193 891.39 572.831 830.382 514.676 827.867 512.038 888.876
P2231 0.00438 535.52 577.386 535.281 538.947 517.797 539.055 518.036 577.495
P0712 0.00222 856.626 257.904 877.183 238.275 863.087 223.511 842.529 243.14
P0081 0.00368 187.726 71.611 189.505 53.19 173.866 51.68 172.087 70.101
P2778 0.00581 1288.942 732.952 1296.906 563.294 1126.016 555.271 1118.051 724.93
P2778 0.00273 1300.533 949.545 1311.067 890.695 1274.8 884.203 1264.266 943.053
P2778 0.00262 828.85 169.833 859.192 134.63 825.726 105.785 795.384 140.988
P2778 0.00162 123.206 129.255 135.124 101.935 110.17 91.05 98.253 118.369
P2778 0.00141 332.774 3352.681 335.584 3331.2 293.024 3325.633 290.214 3347.113
P2778 0.00111 881.857 3303.641 889.811 3273.178 835.458 3258.986 827.504 3289.449
P1149 0.67674 1860.978 1383.251 1946.622 1188.997 1741.18 1098.419 1655.535 1292.674
P1149 0.48323 2509.661 862.555 2595.261 684.291 2405.285 593.068 2319.685 771.332
P1149 0.13452 2117.267 1193.608 2178.696 1018.211 2000.521 955.809 1939.092 1131.206
P1149 0.11091 2682.557 633.319 2756.42 518.55 2616.715 428.639 2542.852 543.408
P1149 0.06169 2240.394 957.956 2284.514 871.948 2178.751 817.694 2134.631 903.701
P1149 0.06126 2688.06 580.576 2736.232 483.393 2630.302 430.885 2582.13 528.069
P1149 0.05882 1569.074 1574.423 1644.67 1432.692 1479.289 1344.482 1403.693 1486.214
P1149 0.04185 1520.994 3633.812 1556.955 3325.636 1268.982 3292.033 1233.021 3600.208
P1149 0.0261 1623.743 3958.639 1664.364 3760.549 1471.712 3721.044 1431.092 3919.134
P1149 0.01654 2714.061 619.11 2758.719 518.689 2681.399 484.305 2636.742 584.726
P1149 0.01562 2270.406 979.038 2306.687 891.074 2220.776 855.639 2184.494 943.603
P1149 0.0103 1332.041 1846.351 1372.038 1724.16 1259.283 1687.252 1219.286 1809.443
P1149 0.00848 1578.048 1567.023 1617.196 1491.332 1492.067 1426.615 1452.919 1502.306
P1149 0.00729 847.835 1812.847 904.824 1687.176 763.435 1623.058 706.446 1748.729
P1149 0.00355 2659.863 766.439 2695.428 680.123 2628.3 652.463 2592.734 738.779
P1149 0.00238 2275.723 1089.359 2299.009 1015.165 2225.105 991.971 2201.82 1066.165
P1149 0.00225 2251.862 931.752 2300.208 855.31 2215.373 801.656 2167.027 878.098
P1149 0.00166 1638.457 1457.882 1664.288 1399.357 1621.001 1380.252 1595.17 1438.777
P1149 0.0016 1828.752 3971.596 1840.844 3865.402 1712.661 3850.806 1700.569 3957.0
P1149 0.00156 2262.957 1108.478 2284.238 1031.694 2200.205 1008.404 2178.923 1085.187
P1149 0.0014 2194.175 1074.242 2223.238 989.563 2145.708 962.954 2116.646 1047.633
P1149 0.00123 717.108 1924.99 739.305 1794.969 600.164 1771.215 577.967 1901.236
P1149 0.00122 1206.646 2161.703 1214.431 2068.378 1124.05 2060.839 1116.266 2154.164
P1149 0.0011 217.455 154.293 225.669 113.081 137.331 95.474 129.117 136.685
P1149 0.00106 169.232 329.285 177.713 274.948 81.491 259.93 73.011 314.267
P1149 0.00101 2940.899 226.485 2962.609 153.901 2907.216 137.332 2885.506 209.917
P1147 0.02033 2169.112 4847.04 2180.877 4689.639 2012.632 4677.062 2000.866 4834.464
P1147 0.00867 2138.779 1770.221 2176.502 1620.336 2050.948 1588.737 2013.225 1738.621
P1147 0.00627 3963.223 4564.983 4002.575 4442.554 3892.675 4407.229 3853.323 4529.659
P1147 0.00418 2008.682 4688.025 2025.443 4590.228 1897.902 4568.368 1881.141 4666.165
P1147 0.00331 3528.145 3861.541 3559.035 3800.092 3492.179 3766.484 3461.289 3827.933
P1147 0.00316 1279.413 978.352 1280.167 732.466 1049.689 731.76 1048.935 977.646
P1147 0.00295 3446.701 3876.825 3476.039 3811.586 3386.074 3771.13 3356.736 3836.368
P1147 0.00192 3984.923 4524.353 4010.912 4423.567 3905.699 4396.437 3879.71 4497.222
P1147 0.00171 2339.766 1791.85 2374.122 1704.222 2297.188 1674.059 2262.833 1761.688
P1147 0.00118 3924.719 4595.051 3970.688 4478.861 3855.457 4433.272 3809.488 4549.462
P1103 0.00955 590.626 47.122 598.036 21.363 553.155 8.452 545.745 34.212
P1103 0.00732 580.157 47.391 589.214 18.78 566.241 11.507 557.184 40.118
P1103 0.00684 561.14 35.613 566.762 9.296 545.188 4.688 539.566 31.005
P1103 0.00316 618.109 182.839 661.532 32.377 411.318 -39.835 367.894 110.628
P1103 0.00212 554.81 308.742 562.731 280.322 542.713 274.743 534.792 303.162
P1103 0.00164 613.224 127.847 642.912 33.298 496.907 -12.547 467.219 82.002
P1103 0.00153 586.873 67.572 597.831 15.061 563.578 7.914 552.62 60.424
P1103 0.00146 547.747 165.02 568.043 110.078 407.971 50.947 387.675 105.888
P1103 0.00143 561.041 35.283 568.49 6.801 531.585 -2.85 524.137 25.632
P1103 0.00132 552.311 34.036 558.261 9.116 538.849 4.482 532.899 29.402
P1103 0.00112 25.558 1572.613 67.236 1565.744 64.54 1549.381 22.861 1556.25
P1513 0.02208 1903.616 3730.963 1926.964 3663.751 1868.016 3643.274 1844.669 3710.486
P1513 0.0168 1312.007 1502.689 1318.132 1418.087 1279.793 1415.311 1273.668 1499.913
P1513 0.01433 1606.415 2357.18 1639.55 2308.612 1590.173 2274.925 1557.037 2323.493
P1513 0.01053 1638.552 2367.712 1654.564 2319.588 1607.831 2304.039 1591.819 2352.163
P1513 0.00807 1588.595 2333.798 1609.34 2277.912 1565.332 2261.576 1544.586 2317.462
P1513 0.00621 1916.889 3746.066 1942.23 3685.594 1884.765 3661.514 1859.425 3721.986
P1513 0.00387 1723.045 2881.843 1758.252 2835.053 1717.768 2804.59 1682.56 2851.379
P1513 0.00361 1007.205 628.223 1036.205 537.463 934.099 504.838 905.1 595.598
P1513 0.00356 2505.879 2068.191 2514.102 2026.352 2460.502 2015.818 2452.28 2057.658
P1513 0.00335 1418.829 3304.782 1429.879 3199.286 1328.229 3188.638 1317.179 3294.134
P1398 0.00458 1710.004 1785.168 1711.4 1706.893 1570.016 1704.372 1568.62 1782.647
P1398 0.00113 1715.049 1887.633 1715.178 1811.396 1560.405 1811.135 1560.276 1887.372
P1398 0.00109 1703.826 1286.686 1726.047 1114.128 1556.45 1092.289 1534.23 1264.846
P1398 0.00103 1907.261 3228.926 1907.3 3123.26 1727.972 3123.194 1727.933 3228.86
P2198 0.09138 453.541 767.81 453.459 751.52 445.399 751.56 445.481 767.85
P2198 0.07129 433.237 766.473 433.436 750.868 426.393 750.778 426.194 766.383
P2198 0.03875 412.142 764.44 420.176 763.408 418.011 746.562 409.977 747.594
P2198 0.02796 420.807 764.255 420.934 749.626 413.539 749.562 413.412 764.191
P2198 0.01189 404.115 761.731 404.054 747.869 396.415 747.902 396.475 761.764
P1878 0.00118 594.698 876.647 604.99 874.562 601.294 856.311 591.001 858.396
P0249 0.01199 473.456 837.556 484.77 824.575 473.756 814.975 462.441 827.956
P0249 0.00865 578.189 768.102 589.274 747.558 574.106 739.374 563.021 759.917
P1492 0.11131 1216.253 2235.746 1222.954 2028.797 1003.199 2021.68 996.498 2228.63
P1492 0.02611 1063.732 347.619 1076.308 276.97 962.137 256.646 949.561 327.295
P1492 0.02212 652.191 2272.125 660.509 2040.562 446.256 2032.865 437.938 2264.428
P1492 0.01936 642.19 2006.132 655.666 1811.622 448.543 1797.273 435.068 1991.783
P1492 0.01661 571.901 2268.449 587.108 2078.563 455.36 2068.012 440.153 2257.898
P1492 0.00615 578.469 2197.499 585.121 2042.348 462.648 2037.097 455.995 2192.247
P1492 0.00563 584.991 2135.321 590.53 2036.129 473.413 2029.589 467.874 2128.781
P1492 0.00541 445.883 2257.419 458.307 2225.699 408.908 2206.352 396.485 2238.072
P1492 0.00234 563.485 1858.462 569.125 1758.149 441.523 1750.975 435.883 1851.289
P1492 0.00212 1249.414 2200.502 1265.595 2077.754 1103.222 2056.349 1087.041 2179.097
P1492 0.00189 536.18 1851.333 535.402 1770.732 468.262 1771.381 469.04 1851.981
P1492 0.00183 688.492 2207.896 691.66 2080.524 506.495 2075.919 503.327 2203.29
P1492 0.00174 684.627 2192.031 686.725 2096.249 569.477 2093.681 567.379 2189.463
P1492 0.00105 440.412 2299.308 492.129 2227.573 398.895 2160.358 347.179 2232.093
P1137 0.00119 414.848 384.115 434.502 274.915 324.372 255.094 304.718 364.294
P1474 0.00289 1898.445 3860.751 1894.241 3806.559 1841.373 3810.66 1845.577 3864.852
P1508 0.85983 1281.553 2844.474 1290.323 2728.606 1203.132 2722.007 1194.362 2837.875
P1508 0.68589 1258.977 2413.511 1269.287 2281.132 1175.563 2273.833 1165.254 2406.212
P1508 0.58352 1048.248 2881.166 1113.539 2828.359 1044.276 2742.722 978.985 2795.529
P1508 0.54436 713.285 1524.451 749.27 1418.336 646.277 1383.41 610.292 1489.524
P1508 0.52981 1061.484 2443.1 1071.632 2310.172 970.079 2302.419 959.931 2435.347
P1508 0.35989 1116.694 2010.213 1126.254 1909.551 1064.191 1903.656 1054.631 2004.318
P1508 0.31031 649.554 1006.28 716.852 970.655 663.134 869.179 595.836 904.803
P1508 0.21151 866.918 1003.535 884.064 908.823 821.046 897.415 803.901 992.128
P1508 0.1647 1110.918 1487.412 1134.305 1406.289 1069.789 1387.69 1046.401 1468.812
P1508 0.14824 451.268 2033.016 453.554 1920.217 395.452 1919.04 393.166 2031.839
P1508 0.14262 1085.711 1001.327 1135.19 917.511 1046.411 865.102 996.932 948.918
P1508 0.12332 536.287 564.813 547.948 468.607 440.413 455.573 428.751 551.779
P1508 0.11912 1060.127 1528.441 1097.824 1490.209 1042.9 1436.053 1005.203 1474.285
P1508 0.06525 570.032 591.056 580.918 478.158 500.183 470.373 489.297 583.272
P1508 0.05686 917.686 926.744 923.998 866.141 872.174 860.743 865.861 921.346
P1508 0.03698 1087.038 1523.576 1134.176 1433.226 1046.213 1387.333 999.075 1477.683
P1508 0.03617 558.755 540.373 570.148 392.464 456.684 383.724 445.291 531.633
P1508 0.02635 1305.454 2018.152 1353.038 1959.688 1278.584 1899.089 1230.999 1957.553
P1508 0.01288 1001.958 3705.698 1027.22 3704.014 1024.302 3660.233 999.039 3661.917
P1508 0.01183 1306.543 2010.934 1364.619 1973.248 1315.379 1897.366 1257.303 1935.052
P1508 0.01127 651.47 540.432 676.893 483.466 627.963 461.629 602.54 518.596
P1508 0.00515 584.392 482.159 592.164 383.613 461.6 373.315 453.828 471.861
P1508 0.00395 1086.076 1031.705 1166.761 966.917 1095.863 878.623 1015.178 943.41
P1508 0.00325 1103.745 1474.238 1133.671 1378.694 1066.781 1357.743 1036.856 1453.287
P1508 0.00242 1016.62 1545.166 1081.842 1525.945 1050.782 1420.55 985.56 1439.77
P1508 0.00239 916.355 988.37 932.482 853.336 835.984 841.811 819.857 976.845
P1508 0.00225 908.331 3699.244 938.505 3698.684 937.942 3668.368 907.768 3668.928
P1508 0.00153 820.128 3695.401 854.17 3695.013 853.935 3674.422 819.894 3674.81
P1508 0.00147 1441.319 2185.33 1485.461 2152.711 1439.444 2090.44 1395.302 2123.059
P1508 0.00135 890.013 1095.711 929.398 873.477 828.62 855.616 789.235 1077.851
P1508 0.0013 893.889 1055.245 982.58 765.265 772.537 701.023 683.845 991.002
