P2256 0.0013 502.758 1303.782 501.266 1179.754 375.773 1181.264 377.265 1305.291
P1122 0.00108 1116.411 324.629 1244.01 281.422 1184.377 105.312 1056.779 148.518
P2085 0.96471 961.244 361.125 991.706 145.927 859.127 127.16 828.665 342.358
P2085 0.95247 753.924 350.299 785.351 119.16 648.47 100.549 617.043 331.689
P2085 0.92875 591.796 340.575 628.343 105.511 495.613 84.874 459.066 319.939
P2085 0.02868 1049.028 537.649 1181.837 499.358 1116.305 272.065 983.496 310.355
P2085 0.00423 370.257 349.996 397.814 91.904 277.489 79.057 249.932 337.148
P2085 0.00286 1212.516 230.33 1213.833 122.433 1171.351 121.914 1170.034 229.812
P2085 0.0015 234.891 335.37 263.564 77.835 147.071 64.866 118.398 322.4
P0579 0.00186 1623.503 946.7 1733.716 902.503 1713.918 853.134 1603.705 897.331
P0579 0.00155 1596.322 942.434 1709.589 908.848 1692.321 850.61 1579.053 884.196
P2168 0.71291 1028.98 986.456 1032.36 933.642 928.802 927.014 925.422 979.828
P2168 0.17962 1682.763 821.498 1733.058 811.158 1712.574 711.524 1662.28 721.864
P2168 0.15499 1760.622 795.282 1777.174 722.01 1723.479 709.88 1706.927 783.152
P2168 0.08735 616.031 891.424 619.76 804.701 574.628 802.76 570.899 889.483
P2168 0.05228 1108.702 975.121 1113.525 935.181 1042.271 926.576 1037.448 966.516
P2168 0.02251 1022.566 1022.277 1023.413 991.527 923.346 988.772 922.499 1019.522
P2168 0.01797 1738.197 789.601 1764.639 739.292 1675.623 692.506 1649.181 742.815
P2168 0.01102 1102.683 1009.648 1110.623 949.904 1044.016 941.053 1036.077 1000.797
P2168 0.00882 1664.68 802.092 1705.331 794.873 1688.23 698.569 1647.579 705.787
P2168 0.00756 341.148 885.369 340.422 795.314 298.106 795.656 298.833 885.71
P2168 0.00734 1149.142 982.764 1154.697 940.914 1109.796 934.954 1104.241 976.804
P2168 0.00645 936.448 885.698 991.72 879.486 983.028 802.16 927.756 808.373
P2168 0.00532 1942.558 882.187 1942.499 819.421 1899.61 819.462 1899.669 882.227
P2168 0.00512 561.82 885.286 563.956 800.49 516.852 799.304 514.716 884.1
P2168 0.00481 1941.635 810.652 1942.335 765.748 1899.164 765.075 1898.464 809.979
P2168 0.00445 1802.533 977.404 1799.574 881.174 1747.853 882.764 1750.811 978.995
P2168 0.00442 1870.845 875.512 1871.649 828.021 1822.568 827.19 1821.765 874.681
P2168 0.0041 1234.886 973.753 1235.615 950.1 1177.506 948.308 1176.777 971.962
P2168 0.004 1871.34 955.86 1873.146 864.551 1816.731 863.435 1814.926 954.744
P2168 0.00334 652.958 906.873 655.638 834.562 634.539 833.78 631.86 906.091
P2168 0.00316 1162.91 982.592 1168.915 934.143 1130.498 929.382 1124.493 977.83
P2168 0.00307 989.575 903.804 1036.382 837.147 964.997 787.019 918.189 853.676
P2168 0.00294 509.373 890.419 509.703 728.136 454.545 728.024 454.215 890.307
P2168 0.0029 1712.271 827.745 1765.199 812.775 1733.671 701.307 1680.742 716.278
P2168 0.00227 1946.614 944.206 1945.547 860.843 1894.177 861.5 1895.244 944.863
P2168 0.00184 1018.698 907.349 1057.053 840.1 989.803 801.745 951.449 868.994
P2168 0.00172 1029.422 1018.519 1032.301 983.483 937.756 975.713 934.877 1010.75
P2168 0.00133 1534.261 876.287 1535.564 845.273 1485.888 843.184 1484.584 874.199
P2168 0.00132 1758.247 822.79 1786.323 783.451 1738.236 749.132 1710.16 788.471
P2168 0.00107 1100.594 1024.841 1108.784 974.644 1051.821 965.351 1043.632 1015.548
P0550 0.00161 1213.094 419.487 1248.334 416.315 1242.206 348.235 1206.966 351.407
P2331 0.01955 800.53 1787.67 800.502 1721.882 770.284 1721.895 770.312 1787.683
P2331 0.01462 825.677 1584.6 825.513 1546.79 806.711 1546.871 806.875 1584.682
P2331 0.01385 760.473 1788.35 759.764 1727.655 733.036 1727.967 733.745 1788.662
P2331 0.01315 868.285 1788.575 868.337 1738.623 846.864 1738.6 846.812 1788.553
P2331 0.01096 1443.254 697.221 1445.109 655.649 1408.143 653.999 1406.287 695.571
P2331 0.00957 1698.387 619.089 1699.531 564.184 1664.738 563.459 1663.594 618.365
P2331 0.00947 1147.613 1532.108 1152.469 1504.144 1101.393 1495.275 1096.537 1523.239
P2331 0.00932 1197.97 1508.893 1200.74 1470.767 1159.984 1467.806 1157.214 1505.932
P2331 0.00846 852.845 1777.816 853.067 1728.347 827.609 1728.233 827.386 1777.701
P2331 0.00843 665.828 1744.532 666.299 1696.342 635.547 1696.042 635.076 1744.232
P2331 0.00692 1465.368 1094.937 1487.306 1067.185 1447.266 1035.534 1425.328 1063.286
P2331 0.00634 608.159 1752.941 609.768 1700.325 577.167 1699.328 575.558 1751.944
P2331 0.00607 788.988 1434.105 790.284 1371.913 750.148 1371.078 748.853 1433.269
P2331 0.00568 1496.442 1112.131 1512.207 1074.451 1488.218 1064.415 1472.454 1102.095
P2331 0.00514 1202.866 1489.064 1204.655 1441.267 1151.168 1439.265 1149.379 1487.062
P2331 0.0048 1133.747 1479.762 1136.671 1434.84 1091.992 1431.932 1089.068 1476.853
P2331 0.00476 1473.542 696.399 1474.49 653.044 1444.146 652.38 1443.199 695.735
P2331 0.00454 637.702 1778.657 640.781 1717.945 606.759 1716.22 603.68 1776.931
P2331 0.0045 1543.966 1845.297 1546.235 1799.461 1521.19 1798.221 1518.921 1844.057
P2331 0.00402 1156.473 1532.818 1161.085 1495.501 1113.244 1489.587 1108.632 1526.904
P2331 0.00393 1683.358 619.852 1684.565 564.436 1647.169 563.622 1645.962 619.038
P2331 0.00372 1206.001 1160.962 1252.187 1116.904 1208.022 1070.604 1161.836 1114.662
P2331 0.0037 816.238 1785.215 815.177 1726.137 785.306 1726.673 786.367 1785.752
P2331 0.00355 1223.057 1506.675 1224.483 1454.818 1176.572 1453.501 1175.147 1505.358
P2331 0.00348 1177.462 1540.374 1181.946 1503.85 1134.64 1498.042 1130.156 1534.566
P2331 0.00329 68.534 876.654 81.669 826.403 28.105 812.402 14.97 862.653
P2331 0.00327 1648.044 618.554 1646.392 563.807 1612.13 564.84 1613.782 619.587
P2331 0.00292 1434.407 1149.028 1456.918 1115.173 1406.986 1081.974 1384.476 1115.829
P2331 0.00283 828.918 1425.537 829.939 1373.2 788.172 1372.385 787.151 1424.722
P2331 0.0028 1601.299 1836.984 1603.427 1800.551 1566.509 1798.394 1564.38 1834.827
P2331 0.00277 1430.566 1153.377 1448.617 1125.016 1405.726 1097.717 1387.675 1126.078
P2331 0.00273 647.112 1768.362 648.358 1722.285 618.222 1721.47 616.976 1767.547
P2331 0.00265 1742.866 1839.677 1744.356 1797.703 1722.053 1796.911 1720.563 1838.886
P2331 0.0025 823.321 1768.266 822.74 1709.809 793.185 1710.103 793.766 1768.56
P2331 0.00239 1341.625 1213.461 1367.886 1200.62 1343.892 1151.55 1317.631 1164.391
P2331 0.00219 1224.458 1446.285 1228.019 1419.228 1178.809 1412.75 1175.247 1439.807
P2331 0.00217 1499.92 1834.13 1502.241 1788.953 1478.871 1787.753 1476.55 1832.929
P2331 0.00215 807.522 1444.497 809.407 1379.501 770.319 1378.367 768.434 1443.364
P2331 0.00209 65.204 940.415 75.173 906.398 24.586 891.573 14.617 925.59
P2331 0.00195 781.421 1513.056 784.159 1445.229 747.356 1443.744 744.618 1511.57
P2331 0.00187 553.612 1774.438 554.421 1708.19 511.568 1707.667 510.76 1773.915
P2331 0.00186 793.022 1609.099 794.525 1581.068 772.222 1579.872 770.719 1607.902
P2331 0.00183 1312.816 1079.724 1332.816 1066.003 1300.847 1019.405 1280.847 1033.126
P2331 0.0018 1401.593 1237.474 1447.175 1207.706 1429.641 1180.857 1384.059 1210.624
P0604 0.00344 579.572 22.334 615.995 11.622 610.484 -7.117 574.061 3.595
P0604 0.00292 572.863 27.222 608.17 15.249 599.702 -9.723 564.395 2.25
P0457 0.94608 749.23 570.657 901.022 488.166 849.504 393.368 697.712 475.858
P0457 0.94172 922.241 481.256 1072.514 392.711 1016.555 297.74 866.282 386.285
P0228 0.07915 1254.837 162.826 1311.633 151.369 1289.971 43.987 1233.175 55.445
P0491 0.54909 246.694 205.067 370.858 74.083 291.961 -0.706 167.797 130.278
P0491 0.04158 126.169 105.201 227.155 -11.716 159.445 -70.199 58.46 46.718
P0491 0.01526 259.025 131.519 324.804 19.141 233.739 -34.163 167.96 78.215
P0491 0.00973 131.62 254.776 176.685 175.789 69.719 114.76 24.654 193.748
P0491 0.00929 322.097 141.319 449.931 31.9 382.773 -46.56 254.939 62.858
P0491 0.00569 299.633 98.824 345.732 33.241 285.53 -9.075 239.431 56.507
P0491 0.00252 133.481 216.515 162.554 176.314 95.87 128.089 66.797 168.289
P0491 0.00233 77.75 338.568 149.7 238.009 20.98 145.91 -50.97 246.469
P0491 0.00229 53.026 312.8 85.568 204.459 -2.79 177.92 -35.331 286.261
P0491 0.0022 206.48 298.183 250.118 242.799 146.518 161.172 102.88 216.557
P0060 0.19946 365.987 152.912 370.896 36.025 298.293 32.976 293.385 149.863
P0060 0.16585 354.376 197.318 361.81 63.85 299.439 60.377 292.006 193.844
P0060 0.15498 319.943 152.003 324.126 32.794 256.45 30.419 252.266 149.628
P0060 0.12086 307.217 116.302 310.176 30.865 250.497 28.798 247.539 114.235
P0060 0.09459 458.092 231.372 468.877 57.864 369.515 51.688 358.73 225.196
P0060 0.07589 325.108 205.967 332.727 56.462 259.935 52.752 252.316 202.257
P0060 0.05012 355.96 225.42 363.178 103.886 294.127 99.785 286.909 221.319
P0060 0.03938 392.73 122.026 394.861 31.552 328.995 30.001 326.864 120.475
P1903 0.01111 408.58 150.58 410.176 65.271 360.101 64.335 358.505 149.643
P1903 0.00967 357.616 154.402 363.368 65.983 292.253 61.356 286.501 149.775
P2166 0.80389 361.019 290.984 359.044 191.777 305.587 192.841 307.561 292.048
P2166 0.75177 424.341 293.31 423.624 190.134 365.551 190.538 366.268 293.714
P2166 0.37373 297.689 297.386 299.366 181.09 224.901 180.016 223.224 296.312
P2166 0.00242 476.343 295.333 477.693 227.987 442.49 227.282 441.14 294.627
P0146 0.10397 733.462 625.556 751.927 542.221 664.398 522.828 645.934 606.162
P0146 0.07315 747.933 521.947 760.772 479.952 679.83 455.206 666.991 497.201
P0833 0.9535 559.77 328.343 658.312 247.096 515.26 73.591 416.718 154.838
P0833 0.95272 448.102 417.608 552.121 333.639 411.995 160.053 307.976 244.021
P0833 0.95074 1331.738 573.321 1449.511 533.628 1378.808 323.843 1261.035 363.535
P0833 0.94567 238.465 577.144 339.669 489.114 198.726 327.079 97.522 415.109
P0833 0.94378 1208.623 622.546 1324.152 577.816 1244.609 372.371 1129.08 417.1
P0833 0.93761 657.783 246.343 757.998 170.016 623.134 -7.056 522.919 69.271
P0833 0.92111 343.483 479.121 432.081 397.16 295.98 250.038 207.382 331.999
P0833 0.86866 1406.555 817.594 1533.876 777.058 1461.647 550.19 1334.326 590.726
P0833 0.00339 1277.726 727.607 1361.474 660.897 1304.057 588.815 1220.308 655.525
P0833 0.00274 1287.122 1278.253 1414.89 1154.871 1242.471 976.322 1114.703 1099.703
P0833 0.00262 1386.762 728.7 1504.312 685.468 1455.435 552.567 1337.885 595.799
P0833 0.00243 1288.005 741.005 1351.708 690.85 1315.617 645.01 1251.914 695.165
P0833 0.00216 1293.306 303.075 1368.551 278.414 1323.586 141.22 1248.341 165.881
P0833 0.00192 1125.517 337.264 1197.084 312.941 1156.237 192.749 1084.669 217.071
P0833 0.0012 1208.592 330.502 1285.087 307.347 1241.92 164.739 1165.424 187.894
P0833 0.00112 1458.516 813.4 1545.312 747.911 1468.224 645.741 1381.427 711.23
P2502 0.01369 180.609 231.432 242.952 147.195 195.785 112.287 133.441 196.523
P2502 0.01302 529.732 706.593 569.36 641.377 542.633 625.137 503.005 690.353
P2502 0.00837 546.861 174.032 598.52 92.779 417.652 -22.212 365.993 59.041
P2502 0.00746 449.076 657.97 492.525 586.736 452.968 562.608 409.518 633.842
P2502 0.00688 518.378 717.929 555.824 662.356 530.697 645.425 493.251 700.998
P2502 0.0055 609.342 585.23 713.658 556.678 661.597 366.468 557.28 395.02
P2502 0.00474 490.919 771.439 511.115 742.175 485.516 724.509 465.32 753.773
P2502 0.00399 704.7 153.739 723.982 127.204 693.859 105.316 674.578 131.851
P2502 0.00372 333.59 604.018 430.78 472.962 377.698 433.597 280.508 564.652
P2502 0.00359 97.989 431.54 160.268 285.408 58.884 242.2 -3.395 388.333
P2502 0.00244 468.9 207.557 492.647 168.943 428.248 129.339 404.501 167.952
P2502 0.00242 733.978 165.011 750.711 143.659 712.763 113.919 696.029 135.271
P2502 0.00239 560.435 670.369 584.824 623.838 553.744 607.548 529.356 654.079
P2502 0.00221 712.552 184.693 730.56 161.358 700.474 138.141 682.467 161.475
P2502 0.00196 370.385 609.002 416.415 532.182 363.441 500.44 317.411 577.26
P0815 0.02748 65.197 847.746 63.698 730.495 -27.093 731.655 -25.594 848.907
P2587 0.02325 930.902 719.025 968.258 581.406 902.437 563.539 865.081 701.159
P2587 0.01217 1122.677 752.302 1153.79 634.31 1080.694 615.035 1049.581 733.027
P2587 0.00918 1021.894 727.309 1048.175 611.154 985.299 596.928 959.018 713.083
P2587 0.00557 1557.948 645.084 1568.748 538.826 1473.686 529.165 1462.886 635.422
P2587 0.00399 745.731 692.08 798.695 523.678 725.573 500.681 672.61 669.082
P2587 0.00222 1628.991 594.743 1643.449 543.483 1598.918 530.923 1584.46 582.183
P2587 0.00201 592.963 656.949 655.437 497.352 587.542 470.774 525.068 630.371
P2587 0.0017 906.171 705.671 943.108 560.556 891.706 547.472 854.769 692.587
P2587 0.00131 1644.226 421.888 1647.231 355.663 1591.797 353.148 1588.792 419.373
P1456 0.90861 763.943 1880.077 765.268 1650.785 644.174 1650.085 642.849 1879.377
P1456 0.90268 642.425 1866.057 642.67 1649.343 516.516 1649.201 516.271 1865.915
P1456 0.87622 396.901 1855.4 396.865 1649.785 271.19 1649.807 271.227 1855.423
P1456 0.8732 882.249 1849.8 881.649 1648.351 766.196 1648.695 766.796 1850.144
P1456 0.87108 344.286 1026.094 458.661 1023.973 454.344 791.162 339.969 793.283
P1456 0.87044 1002.73 1846.2 1001.506 1654.306 889.663 1655.019 890.887 1846.913
P1456 0.85145 349.09 1248.83 460.506 1248.292 459.554 1051.27 348.138 1051.808
P1456 0.85088 515.331 1856.575 515.419 1646.79 404.728 1646.744 404.639 1856.529
P1456 0.82928 246.877 1024.593 351.114 1023.986 349.865 809.199 245.628 809.805
P1456 0.82468 471.08 1506.721 461.82 1298.932 340.422 1304.342 349.682 1512.131
P1456 0.509 257.859 1494.741 361.204 1491.103 354.689 1305.996 251.343 1309.633
P1456 0.49866 257.413 1226.354 347.023 1225.641 345.86 1079.444 256.25 1080.156
P1456 0.12091 262.021 1411.113 348.827 1408.243 343.566 1249.069 256.76 1251.939
P1456 0.0625 269.554 1302.596 354.645 1298.59 346.957 1135.285 261.866 1139.291
P1456 0.01311 265.218 1131.366 350.259 1126.755 341.672 968.388 256.631 972.999
P1456 0.01201 262.696 1364.67 358.644 1360.409 352.801 1228.836 256.853 1233.097
P1456 0.00724 994.213 1538.938 987.348 695.408 439.563 699.867 446.429 1543.396
P1456 0.00647 102.546 1081.407 101.105 935.726 12.151 936.606 13.592 1082.287
P1456 0.00526 414.629 1496.679 418.875 1266.096 297.654 1263.864 293.409 1494.447
P1456 0.0025 92.622 918.957 92.456 841.753 12.028 841.927 12.195 919.13
P1456 0.00156 145.19 920.883 146.338 836.236 71.338 835.22 70.19 919.866
P1456 0.00119 144.575 1033.149 147.156 913.5 95.765 912.392 93.185 1032.041
P0526 0.02208 149.477 704.831 148.68 636.15 102.895 636.681 103.692 705.362
P0526 0.00118 1215.081 406.759 1284.113 354.984 1223.537 274.217 1154.505 325.992
P0543 0.00644 289.412 61.263 301.537 -1.392 228.519 -15.523 216.394 47.132
P0543 0.0031 558.933 128.337 573.451 91.416 474.358 52.452 459.84 89.373
P2404 0.02355 1227.569 1331.607 1297.181 1253.352 1259.731 1220.038 1190.119 1298.294
P2404 0.00528 1275.901 1390.977 1350.819 1301.285 1296.364 1255.799 1221.446 1345.491
P2404 0.00349 1205.043 1339.565 1270.592 1264.283 1227.985 1227.185 1162.437 1302.468
P2404 0.00328 1211.066 1368.646 1291.172 1278.22 1246.7 1238.824 1166.594 1329.249
P2404 0.00324 1300.867 1420.22 1374.516 1317.778 1322.023 1280.039 1248.374 1382.482
P2197 0.01779 2083.903 1414.188 2088.876 1330.896 2046.113 1328.343 2041.14 1411.635
P2197 0.01024 1734.702 1542.589 1734.262 1466.859 1687.346 1467.132 1687.786 1542.861
P2197 0.00557 1855.08 1405.105 1861.97 1323.508 1815.951 1319.622 1809.061 1401.219
P2197 0.00522 728.376 1622.029 732.01 1576.727 646.694 1569.883 643.06 1615.185
P2197 0.00497 2210.838 1411.496 2217.037 1348.963 2156.012 1342.914 2149.813 1405.447
P2197 0.00439 722.828 1640.494 728.18 1585.033 637.928 1576.324 632.576 1631.785
P2197 0.00378 1921.753 1407.434 1927.936 1328.54 1885.517 1325.216 1879.334 1404.11
P2197 0.00362 2170.266 1400.197 2175.488 1354.088 2143.042 1350.414 2137.821 1396.523
P2197 0.00321 738.909 1616.944 742.395 1575.553 697.781 1571.796 694.294 1613.187
P2197 0.00267 2214.072 1440.396 2222.723 1361.181 2154.508 1353.731 2145.857 1432.947
P2197 0.00255 2178.585 1512.156 2185.789 1481.144 2129.412 1468.047 2122.208 1499.059
P2197 0.00232 2196.847 1520.801 2203.663 1484.792 2138.98 1472.549 2132.164 1508.558
P2197 0.00229 2104.014 1547.97 2104.91 1463.01 2060.394 1462.541 2059.499 1547.5
P2197 0.00209 1670.635 1534.918 1676.811 1471.64 1637.721 1467.825 1631.545 1531.103
P2197 0.00206 2221.982 1191.901 2224.487 1153.274 2196.533 1151.462 2194.028 1190.088
P2197 0.00194 2020.13 1406.588 2022.074 1328.543 1978.539 1327.458 1976.594 1405.503
P2197 0.00192 2225.527 1265.212 2229.436 1207.655 2185.682 1204.684 2181.773 1262.24
P2197 0.00192 2222.524 1423.416 2230.061 1338.504 2170.859 1333.248 2163.322 1418.16
P2197 0.00176 2224.973 1462.403 2231.811 1392.291 2174.694 1386.72 2167.856 1456.832
P2197 0.00169 2176.703 1425.882 2184.952 1368.733 2142.253 1362.57 2134.003 1419.718
P2197 0.00159 872.798 1404.157 871.685 1314.727 826.918 1315.284 828.03 1404.714
P2197 0.00154 1664.97 1554.119 1673.761 1509.164 1633.652 1501.321 1624.861 1546.276
P2197 0.00153 1655.674 1613.419 1667.848 1592.21 1637.794 1574.96 1625.62 1596.169
P2197 0.00132 1771.444 1534.882 1771.922 1456.862 1736.197 1456.643 1735.719 1534.663
P2771 0.01879 1384.839 1678.552 1410.024 1666.603 1393.315 1631.386 1368.13 1643.335
P2771 0.00351 1420.716 1673.486 1445.343 1664.651 1426.166 1611.193 1401.539 1620.028
P2771 0.00343 1100.457 1203.122 1157.591 1168.613 1119.839 1106.111 1062.706 1140.62
P2771 0.00146 1389.689 1694.99 1414.225 1679.913 1396.374 1650.863 1371.838 1665.94
P1506 0.12586 767.513 552.532 877.498 532.313 854.111 405.087 744.125 425.305
P1506 0.1254 889.692 560.966 984.629 543.644 959.355 405.13 864.418 422.452
P1506 0.01724 804.532 505.378 957.353 480.792 942.315 387.323 789.495 411.91
P1506 0.00789 811.825 562.119 908.011 542.893 882.506 415.292 786.32 434.518
P1506 0.00538 1437.829 1961.754 1509.535 1925.908 1492.355 1891.543 1420.65 1927.39
P1506 0.00277 726.07 573.188 780.9 559.411 753.403 449.982 698.573 463.759
P1506 0.00178 1558.462 1807.605 1611.871 1770.3 1538.572 1665.356 1485.162 1702.66
P1506 0.00123 740.591 562.202 821.286 536.063 784.583 422.753 703.888 448.892
P0110 0.00121 2435.456 628.994 2495.046 620.075 2491.611 597.121 2432.021 606.039
P0110 0.00109 2428.599 631.247 2476.261 620.77 2470.934 596.533 2423.271 607.01
P1463 0.92779 855.842 1321.81 945.154 1136.07 842.619 1086.767 753.307 1272.507
P1463 0.91967 976.533 1390.43 1073.628 1213.108 972.724 1157.857 875.629 1335.179
P1463 0.838 1079.262 1180.139 1171.919 1002.235 1063.703 945.874 971.047 1123.778
P1463 0.792 957.715 1111.524 1038.291 920.672 932.951 876.198 852.375 1067.051
P1463 0.60321 920.366 1539.934 973.403 1417.014 893.292 1382.448 840.254 1505.368
P1463 0.39985 789.54 1515.234 851.132 1370.662 758.108 1331.031 696.516 1475.604
P1463 0.24034 2858.388 2790.23 2911.862 2672.763 2843.746 2641.755 2790.272 2759.222
P1463 0.20561 835.132 1719.958 883.627 1591.853 802.725 1561.227 754.23 1689.333
P1463 0.1436 710.707 1678.113 766.951 1547.365 684.499 1511.897 628.255 1642.645
P1463 0.07987 3332.792 2214.239 3383.112 2102.993 3200.468 2020.377 3150.148 2131.623
P1463 0.06188 2933.548 2838.321 2999.332 2700.984 2929.207 2667.394 2863.422 2804.731
P1463 0.05799 2755.641 2745.875 2822.246 2630.784 2756.014 2592.455 2689.409 2707.546
P1463 0.05535 733.665 1653.302 822.627 1403.687 726.138 1369.299 637.176 1618.914
P1463 0.04081 853.969 1717.126 947.839 1455.193 851.62 1420.71 757.75 1682.643
P1463 0.03148 906.383 1626.346 973.186 1443.089 864.045 1403.304 797.242 1586.561
P1463 0.02434 3535.135 2527.2 3608.81 2377.431 3527.065 2337.218 3453.39 2486.988
P1463 0.01198 2676.236 2715.87 2752.793 2582.636 2679.706 2540.64 2603.149 2673.874
P1463 0.00868 3409.245 2042.428 3459.533 1937.731 3318.5 1869.99 3268.211 1974.687
P1463 0.00847 2903.727 2813.749 2961.534 2692.877 2895.81 2661.445 2838.003 2782.316
P1463 0.00757 741.591 1655.957 797.731 1485.083 694.118 1451.042 637.978 1621.915
P1463 0.0059 3379.026 2086.979 3422.565 1992.75 3270.875 1922.659 3227.335 2016.888
P1463 0.0056 648.063 1269.701 773.34 1008.81 616.328 933.414 491.051 1194.305
P1463 0.00535 3400.914 2235.842 3445.456 2133.026 3267.032 2055.728 3222.489 2158.543
P1463 0.00318 3453.204 2261.186 3495.195 2151.553 3349.256 2095.657 3307.265 2205.29
P1463 0.00291 893.223 1534.628 957.99 1382.566 855.123 1338.753 790.356 1490.814
P1463 0.00274 2786.317 2762.1 2848.556 2634.868 2779.053 2600.869 2716.815 2728.102
P1463 0.00227 3473.998 2128.8 3516.421 2031.789 3435.08 1996.218 3392.657 2093.229
P1463 0.00218 3343.07 2044.049 3426.946 1853.267 3250.279 1775.596 3166.402 1966.378
P1463 0.00123 3683.66 1626.806 3771.982 1421.911 3559.579 1330.352 3471.256 1535.246
P1463 0.00114 752.128 1849.467 791.54 1758.479 614.323 1681.717 574.911 1772.705
P1463 0.00102 3475.87 2115.395 3545.04 1962.07 3470.072 1928.249 3400.901 2081.574
P0131 0.37374 979.12 380.511 984.888 272.516 911.143 268.578 905.374 376.572
P0131 0.33487 1102.9 360.692 1103.562 264.994 1045.971 264.595 1045.309 360.293
P0131 0.10537 1107.033 367.946 1105.685 296.855 1046.139 297.984 1047.487 369.075
P0131 0.04383 912.508 367.069 914.986 268.137 854.001 266.61 851.523 365.542
P1440 0.91775 400.658 1318.448 504.259 1269.313 413.53 1078.009 309.928 1127.144
P1440 0.90904 194.415 1173.209 299.06 1125.131 210.749 932.919 106.105 980.997
P1440 0.89845 294.784 1382.065 400.435 1331.749 306.868 1135.282 201.217 1185.598
P1440 0.8856 303.96 1114.147 400.942 1068.278 314.469 885.445 217.487 931.314
P1440 0.353 514.725 1259.94 624.207 1213.547 532.945 998.184 423.464 1044.577
P1440 0.00179 523.895 1263.482 752.459 1154.663 647.815 934.869 419.251 1043.688
P1440 0.00111 189.94 1031.076 307.768 948.062 263.387 885.068 145.559 968.082
P2393 0.03012 183.198 1010.258 200.88 990.235 166.739 960.085 149.057 980.109
P2393 0.02403 199.236 1020.172 216.133 998.846 192.141 979.837 175.244 1001.162
P2393 0.01777 1893.862 1514.426 1904.53 1498.452 1892.443 1490.379 1881.775 1506.353
P2393 0.00878 202.029 1025.916 220.899 1001.62 201.485 986.541 182.615 1010.837
P2393 0.00768 155.079 1025.622 170.406 1007.045 140.434 982.316 125.107 1000.893
P2393 0.00521 1904.665 1527.186 1914.226 1508.671 1889.366 1495.833 1879.805 1514.348
P2393 0.00521 155.382 984.837 168.339 967.673 148.818 952.938 135.861 970.102
P2393 0.0052 153.059 1032.837 169.422 1015.019 142.253 990.067 125.889 1007.884
P2393 0.00488 232.787 1046.044 257.556 1014.448 236.059 997.596 211.29 1029.192
P2393 0.00423 105.312 999.307 136.357 961.035 119.503 947.364 88.458 985.635
P2393 0.00409 1912.655 1508.764 1920.219 1491.495 1900.974 1483.066 1893.41 1500.335
P2393 0.00369 669.11 591.561 682.909 544.72 655.678 536.698 641.879 583.539
P2393 0.002 1893.893 1533.524 1905.948 1504.939 1877.482 1492.935 1865.428 1521.519
P2393 0.0016 1907.865 1558.721 1915.978 1544.0 1895.605 1532.772 1887.492 1547.493
P2393 0.00148 198.875 980.111 214.14 957.81 197.276 946.266 182.011 968.567
P2393 0.00143 642.569 637.33 664.12 602.91 641.969 589.041 620.418 623.461
P2393 0.0014 167.985 1040.545 184.138 1021.294 160.686 1001.616 144.533 1020.866
P2393 0.00133 1875.664 1485.512 1884.459 1460.082 1868.208 1454.462 1859.413 1479.892
P2393 0.00114 1934.146 1531.833 1942.86 1516.438 1928.208 1508.145 1919.495 1523.541
P2393 0.00106 112.622 1013.485 138.591 982.025 123.267 969.375 97.297 1000.835
P2393 0.00101 240.426 1074.167 265.218 1043.916 251.729 1032.862 226.937 1063.113
P2393 0.00101 1920.826 1352.032 1931.145 1319.301 1911.958 1313.251 1901.639 1345.983
P0770 0.58395 509.991 251.158 544.446 158.843 494.491 140.197 460.035 232.512
P0770 0.47618 452.103 242.704 471.555 184.805 428.052 170.19 408.601 228.089
P0770 0.46638 177.25 643.807 200.059 581.396 170.681 570.659 147.871 633.07
P0770 0.41777 371.098 196.63 403.718 125.118 366.23 108.018 333.61 179.53
P0770 0.27089 348.184 192.524 382.138 123.279 347.261 106.177 313.306 175.422
P0770 0.23828 503.651 252.987 524.584 192.304 469.607 173.34 448.674 234.022
P0770 0.10349 152.597 635.712 175.807 569.766 143.64 558.445 120.431 624.391
P0770 0.06289 454.433 58.899 463.83 3.868 404.27 -6.303 394.873 48.728
P0770 0.06182 476.732 246.033 499.65 183.164 448.604 164.555 425.685 227.424
P0770 0.03844 1114.465 82.254 1139.497 29.366 1083.243 2.74 1058.211 55.629
P0770 0.03408 548.575 250.71 573.004 166.288 500.675 145.359 476.247 229.781
P0770 0.02068 540.665 116.198 561.904 76.799 540.027 65.006 518.788 104.405
P0770 0.02017 467.901 70.462 486.009 16.733 424.414 -4.027 406.306 49.703
P0770 0.0172 309.011 649.133 324.53 613.046 241.754 577.449 226.235 613.536
P0770 0.01532 356.098 593.072 386.77 502.578 341.546 487.249 310.873 577.743
P0770 0.01388 203.355 654.113 221.105 599.011 192.877 589.918 175.127 645.02
P0770 0.00503 567.568 206.396 582.869 167.785 530.766 147.137 515.465 185.748
P0770 0.00419 1068.483 230.335 1099.255 162.379 1045.425 138.004 1014.653 205.959
P0770 0.00395 414.968 226.679 436.956 169.503 406.828 157.917 384.84 215.092
P0770 0.00382 1594.382 43.855 1598.427 2.084 1491.526 -8.27 1487.48 33.502
P0770 0.00359 428.225 189.023 451.204 129.745 420.736 117.934 397.757 177.212
P0770 0.00298 1108.826 174.579 1144.071 98.196 1049.677 54.64 1014.432 131.023
P0770 0.00278 459.028 238.464 487.279 161.867 441.469 144.971 413.218 221.568
P0770 0.00195 974.184 254.73 1018.654 160.218 940.489 123.44 896.019 217.952
P0770 0.0019 1159.706 81.868 1183.057 12.406 1092.728 -17.96 1069.377 51.502
P0770 0.00188 393.673 212.518 419.595 150.446 388.817 137.593 362.895 199.665
P0770 0.00182 1345.442 398.437 1365.892 356.274 1335.68 341.621 1315.231 383.784
P0770 0.00179 302.932 537.531 310.764 489.591 284.939 485.372 277.108 533.312
P2577 0.02342 883.307 729.498 950.684 677.897 917.564 634.65 850.186 686.25
P2577 0.01229 962.628 828.357 1021.118 771.082 910.641 658.263 852.152 715.538
P0150 0.16304 504.614 218.839 525.079 181.079 507.385 171.49 486.921 209.25
P2218 0.00124 55.561 363.899 144.189 242.16 73.743 190.874 -14.885 312.613
P2169 0.00188 579.387 765.991 580.131 748.819 570.474 748.4 569.73 765.572
P2363 0.00315 159.104 1855.548 159.591 1757.903 64.665 1757.43 64.178 1855.075
P2598 0.60891 139.617 1577.022 147.136 1477.251 89.253 1472.889 81.734 1572.66
P2598 0.11206 54.825 1574.741 58.946 1464.237 5.075 1462.228 0.954 1572.732
P2598 0.00912 120.031 1579.97 126.43 1474.921 69.511 1471.454 63.112 1576.503
P2598 0.00467 82.676 1576.957 88.143 1470.309 34.291 1467.548 28.824 1574.196
P2598 0.00361 349.582 1739.168 358.874 1524.146 260.4 1519.891 251.108 1734.913
P1860 0.00571 1384.874 1652.99 1500.949 1633.711 1475.979 1483.367 1359.904 1502.646
P0374 0.96464 715.306 593.625 806.172 529.494 700.658 379.993 609.792 444.124
P0374 0.95329 811.272 524.804 902.208 461.051 797.663 311.93 706.727 375.683
P0374 0.1906 1043.078 239.3 1119.64 213.053 1103.959 167.311 1027.396 193.558
P0374 0.18394 1126.453 531.963 1251.152 497.878 1230.006 420.516 1105.307 454.601
P0374 0.06738 1135.116 609.984 1275.484 551.02 1247.744 484.982 1107.375 543.946
P0374 0.01305 1144.763 670.643 1248.767 625.818 1220.543 560.333 1116.539 605.158
P0374 0.013 1150.806 688.93 1332.769 627.001 1301.215 534.287 1119.252 596.216
P0374 0.00218 1126.334 581.64 1276.902 527.14 1256.57 470.969 1106.002 525.468
P0374 0.00181 1051.998 347.754 1141.73 317.913 1099.683 191.477 1009.952 221.317
P0374 0.00128 1039.389 201.446 1100.148 161.645 1080.343 131.411 1019.584 171.213
P0374 0.00106 1295.038 65.643 1348.896 42.549 1321.641 -21.012 1267.783 2.083
P0352 0.01359 831.78 210.673 941.463 129.302 863.398 24.075 753.715 105.446
P0352 0.00463 820.969 217.434 936.813 140.09 816.388 -40.277 700.545 37.067
P0352 0.00455 968.833 84.042 1006.866 15.022 926.66 -29.175 888.627 39.844
P1269 0.00167 4023.56 542.305 4021.59 146.774 3886.767 147.446 3888.736 542.977
P2413 0.00165 1327.647 1112.598 1330.001 1030.189 1289.69 1029.038 1287.336 1111.447
P2413 0.0015 818.006 75.583 820.106 50.467 791.672 48.089 789.572 73.205
P2374 0.00485 1873.756 183.685 1872.41 93.644 1840.42 94.123 1841.766 184.163
P2374 0.00436 1873.286 151.962 1872.281 36.228 1835.13 36.55 1836.134 152.284
P2374 0.00332 1766.917 160.939 1802.958 149.806 1795.632 126.088 1759.59 137.221
P2374 0.0027 1869.091 179.431 1869.316 122.795 1840.872 122.683 1840.647 179.318
P2374 0.00217 1864.715 183.995 1865.388 98.699 1831.169 98.429 1830.496 183.725
P2374 0.00199 1846.824 182.044 1846.484 133.825 1814.78 134.048 1815.12 182.267
P2374 0.00198 1856.522 159.649 1859.414 80.512 1816.821 78.955 1813.929 158.092
P2374 0.00183 1865.558 163.093 1866.98 -1.716 1823.376 -2.092 1821.954 162.717
P2374 0.00163 1836.503 232.43 1837.24 198.229 1804.471 197.523 1803.734 231.724
P2374 0.00102 1754.022 205.817 1806.897 192.035 1801.567 171.585 1748.692 185.366
P1143 0.0024 4460.466 237.518 4566.038 192.519 4508.249 56.939 4402.677 101.938
P1143 0.00239 4517.369 218.48 4599.717 178.71 4544.601 64.587 4462.253 104.358
P1143 0.00103 5551.003 298.643 5651.934 217.936 5520.055 53.012 5419.125 133.719
P2733 0.00264 254.147 1548.415 333.521 1521.879 316.393 1470.647 237.02 1497.183
P0432 0.00217 260.41 102.06 286.785 76.524 275.082 64.436 248.707 89.972
P1650 0.00164 3111.939 2546.643 3121.003 2398.277 3043.948 2393.569 3034.884 2541.935
P1742 0.00329 1519.291 680.287 1576.191 645.225 1545.147 594.845 1488.247 629.907
P1742 0.00223 1727.099 944.913 1743.725 852.637 1664.638 838.388 1648.013 930.664
P1732 0.00748 3681.615 4025.471 3720.58 3876.256 3554.101 3832.783 3515.136 3981.998
P1732 0.00541 3629.623 4007.28 3638.504 3876.241 3506.508 3867.294 3497.626 3998.334
P1732 0.00324 3631.001 3931.992 3681.592 3890.445 3606.702 3799.251 3556.11 3840.798
P2351 0.00429 656.087 544.571 670.104 452.334 622.163 445.049 608.146 537.285
P1189 0.94532 662.47 739.159 709.559 699.075 640.851 618.36 593.762 658.443
P1189 0.93711 559.718 673.175 638.892 612.928 602.148 564.64 522.974 624.887
P1384 0.00657 5419.707 267.228 5423.241 162.033 5356.524 159.791 5352.99 264.986
P2541 0.00254 1501.82 1636.089 1503.001 1598.118 1456.283 1596.665 1455.102 1634.636
P2541 0.00184 124.599 1419.646 141.901 1392.385 115.71 1375.762 98.408 1403.022
P2337 0.00317 1947.65 404.146 1941.145 320.779 1870.969 326.255 1877.474 409.622
P2337 0.00289 521.208 782.991 523.354 667.74 410.148 665.633 408.003 780.883
P2337 0.00253 1005.638 1092.073 1005.287 1006.47 919.203 1006.822 919.553 1092.425
P2337 0.00245 1433.813 452.729 1468.185 426.384 1442.707 393.143 1408.335 419.489
P2337 0.00182 993.56 1296.987 994.986 1183.729 877.64 1182.252 876.214 1295.51
P2337 0.00179 1962.423 1302.806 1966.659 1189.531 1851.162 1185.211 1846.926 1298.486
P2337 0.00174 2261.309 1069.622 2264.296 982.017 2181.587 979.197 2178.6 1066.802
P2337 0.00145 1674.994 418.979 1677.024 381.36 1633.422 379.007 1631.392 416.627
P2337 0.00131 411.422 1038.634 411.207 957.653 329.846 957.869 330.06 1038.85
P2337 0.00112 1461.034 451.561 1500.885 421.881 1478.076 391.255 1438.225 420.935
P2337 0.00111 1865.59 413.619 1912.867 394.84 1882.134 317.466 1834.858 336.245
P2337 0.00105 1060.255 692.218 1061.272 578.808 953.288 577.84 952.271 691.249
P2337 0.00102 2276.994 829.727 2278.525 743.433 2199.45 742.03 2197.919 828.325
P2337 0.00102 1413.5 469.632 1442.671 447.684 1412.593 407.707 1383.422 429.655
P1541 0.00214 26.038 2426.415 97.806 2422.551 91.888 2312.643 20.121 2316.507
P2450 0.01569 292.254 264.606 306.183 242.969 271.767 220.813 257.838 242.451
P2450 0.0025 47.979 362.982 93.157 349.972 86.744 327.702 41.566 340.711
P2450 0.00208 311.887 232.306 320.758 215.674 300.507 204.872 291.636 221.504
P2450 0.00174 277.141 275.645 291.167 256.587 259.383 233.195 245.357 252.253
P2450 0.00145 112.448 256.746 130.12 252.942 122.017 215.29 104.345 219.093
P2450 0.00115 580.934 187.071 590.107 172.691 558.255 152.371 549.082 166.751
P1542 0.00808 3856.577 631.928 3909.862 609.393 3885.367 551.475 3832.082 574.011
P1542 0.00753 3710.326 1675.476 3771.353 1664.439 3753.742 1567.065 3692.715 1578.102
P1542 0.00681 3704.188 1609.558 3759.486 1601.283 3748.51 1527.934 3693.211 1536.209
P1542 0.0066 3793.093 634.548 3831.081 593.269 3795.59 560.608 3757.602 601.887
P1542 0.0062 3861.398 651.517 3918.042 617.989 3886.176 564.152 3829.532 597.68
P1542 0.00597 3723.919 585.482 3763.526 569.421 3737.698 505.728 3698.091 521.789
P1542 0.00582 3712.097 2509.401 3749.567 2497.328 3726.637 2426.162 3689.167 2438.235
P1651 0.00704 2510.486 1159.802 2548.216 1148.111 2530.796 1091.893 2493.066 1103.584
P1651 0.00351 2567.762 1165.013 2600.671 1155.662 2581.07 1086.683 2548.161 1096.035
P1651 0.00194 2521.1 1192.722 2556.381 1179.376 2534.293 1120.984 2499.012 1134.33
P1763 0.00207 3615.579 1082.502 3625.517 1043.029 3551.256 1024.332 3541.318 1063.805
P1751 0.00281 359.446 2369.333 364.353 2317.863 330.358 2314.622 325.451 2366.092
P1610 0.00119 1552.35 1795.928 1616.314 1731.596 1569.334 1684.885 1505.37 1749.218
P1610 0.00115 1622.062 1749.795 1676.05 1710.297 1646.144 1669.421 1592.156 1708.919
P1370 0.00243 2035.865 542.772 2075.152 507.335 2025.787 452.608 1986.5 488.045
P0385 0.93075 123.738 699.507 237.651 646.868 140.186 435.95 26.273 488.589
P0385 0.70482 15.452 744.715 106.098 706.485 21.648 506.246 -68.998 544.476
P0385 0.01023 254.638 935.886 302.599 775.695 107.108 717.166 59.147 877.356
P0385 0.00166 647.48 827.826 941.642 689.407 863.195 522.696 569.033 661.115
P0673 0.90701 843.381 871.875 889.969 760.811 725.204 691.698 678.617 802.762
P0673 0.90215 934.522 649.56 985.295 546.367 830.609 470.26 779.837 573.453
P0673 0.87126 889.286 758.924 925.796 642.327 762.458 591.181 725.948 707.778
P0673 0.65629 259.314 489.931 297.372 380.662 120.054 318.903 81.995 428.172
P0673 0.55217 291.507 387.448 337.511 262.997 164.187 198.926 118.183 323.378
P0673 0.39819 205.217 595.956 246.515 504.173 78.974 428.787 37.675 520.57
P0673 0.0391 129.738 586.295 169.379 528.671 67.903 458.865 28.263 516.489
P0673 0.00961 953.975 607.613 990.779 557.114 880.134 476.474 843.33 526.973
P0673 0.00212 938.553 635.989 986.633 547.31 889.248 494.509 841.168 583.188
P0673 0.00147 293.592 306.435 314.44 241.54 170.72 195.367 149.871 260.263
P0161 0.04412 2137.557 1489.942 2168.374 1477.851 2145.269 1418.961 2114.452 1431.051
P0161 0.00237 2131.329 1454.391 2160.941 1440.362 2132.757 1380.867 2103.145 1394.896
P0615 0.00138 689.447 373.414 716.553 353.387 681.65 306.146 654.544 326.173
P1471 0.30106 2615.521 693.058 2613.393 518.399 2503.358 519.74 2505.486 694.399
P1471 0.10115 2480.697 669.584 2480.835 537.411 2406.081 537.333 2405.943 669.506
P1471 0.08594 2271.696 666.081 2354.377 656.329 2335.091 492.81 2252.409 502.562
P1471 0.07494 3917.791 4627.448 3917.476 4497.088 3780.216 4497.42 3780.532 4627.78
P1471 0.06163 1018.462 2552.908 1015.197 2412.995 941.469 2414.716 944.734 2554.629
P1471 0.05633 4240.029 4632.346 4241.339 4484.819 4063.6 4483.241 4062.29 4630.768
P1471 0.04121 2226.3 667.301 2319.19 656.333 2299.31 487.975 2206.421 498.943
P1471 0.03859 2377.45 616.188 2438.543 552.801 2367.159 484.002 2306.067 547.389
P1471 0.0348 1084.704 2539.851 1083.491 2409.518 1012.418 2410.18 1013.632 2540.513
P1471 0.02845 2362.233 684.59 2448.1 638.662 2390.904 531.728 2305.037 577.656
P1471 0.026 2376.945 657.379 2380.517 526.828 2279.762 524.071 2276.19 654.623
P1471 0.02021 4075.48 4623.82 4077.195 4470.989 3928.642 4469.322 3926.927 4622.153
P1471 0.01918 4040.318 4608.209 4041.684 4469.412 3829.035 4467.319 3827.669 4606.117
P1471 0.01695 2253.492 669.661 2255.351 522.367 2165.894 521.238 2164.035 668.532
P1471 0.01611 3751.555 4632.418 3750.899 4534.855 3591.204 4535.929 3591.86 4633.491
P1471 0.01369 3870.806 4633.945 3870.318 4519.524 3714.484 4520.189 3714.972 4634.61
P1471 0.01339 2652.35 685.958 2652.944 509.122 2558.182 508.805 2557.589 685.641
P1471 0.01178 488.136 2372.667 573.297 2365.306 559.007 2199.979 473.846 2207.34
P1471 0.01049 2210.02 655.581 2288.974 569.318 2192.299 480.834 2113.345 567.097
P1471 0.00878 3704.859 4631.231 3705.136 4548.495 3557.095 4547.998 3556.818 4630.734
P1471 0.00704 3414.556 4624.128 3415.941 4527.713 3349.688 4526.762 3348.303 4623.177
P1471 0.00548 3546.252 4633.555 3545.778 4537.226 3473.408 4537.582 3473.883 4633.911
P1471 0.0051 956.36 2797.461 965.639 2713.729 918.273 2708.479 908.993 2792.212
P1471 0.00457 964.625 2562.065 963.228 2415.964 895.952 2416.607 897.349 2562.708
P1471 0.00445 830.34 2840.709 853.63 2754.854 780.992 2735.149 757.702 2821.005
P1471 0.0044 3354.149 4563.546 3352.792 4422.605 3175.605 4424.312 3176.963 4565.252
P1471 0.00382 880.412 2852.954 898.27 2754.712 816.589 2739.865 798.732 2838.107
P1471 0.00371 981.111 2795.879 996.143 2713.161 937.637 2702.53 922.605 2785.248
P1471 0.0036 2147.111 715.319 2144.141 504.142 2022.968 505.846 2025.938 717.023
P1471 0.00325 1005.839 2678.976 1007.19 2594.25 959.494 2593.49 958.143 2678.216
P1471 0.00295 3349.925 4626.746 3349.434 4549.115 3195.411 4550.089 3195.902 4627.72
P1471 0.00295 894.774 2835.671 905.828 2724.06 833.355 2716.883 822.302 2828.493
P1471 0.00244 3734.799 4521.082 3736.27 4442.923 3489.977 4438.286 3488.505 4516.445
P1471 0.00209 1816.654 4912.19 1839.901 4822.323 1771.473 4804.622 1748.227 4894.489
P1471 0.00182 803.768 2801.648 816.92 2725.567 755.726 2714.989 742.574 2791.069
P1471 0.00181 797.241 2608.28 796.131 2109.786 573.323 2110.282 574.434 2608.776
P1471 0.00154 1236.638 2520.708 1238.55 2451.513 1175.912 2449.782 1174.0 2518.977
P1471 0.0015 4137.431 4930.119 4139.208 4844.185 4034.154 4842.013 4032.377 4927.947
P1471 0.00145 3334.708 4658.52 3334.64 4587.564 3205.838 4587.687 3205.906 4658.643
P1377 0.10175 2689.107 406.924 2703.65 311.598 2625.684 299.704 2611.141 395.03
P1377 0.0207 3687.587 2587.215 3744.438 2516.214 3694.517 2476.242 3637.666 2547.243
P1377 0.01707 439.103 352.121 492.888 332.179 466.434 260.831 412.649 280.773
P1377 0.01547 2599.112 398.002 2613.376 315.169 2552.423 304.673 2538.159 387.506
P1377 0.01108 2345.567 318.916 2366.474 217.699 2224.915 188.46 2204.008 289.676
P1377 0.00919 2801.04 427.519 2811.678 346.851 2737.493 337.068 2726.855 417.736
P1377 0.00889 3617.969 2678.03 3652.297 2602.065 3598.255 2577.644 3563.927 2653.608
P1377 0.00811 2236.888 781.152 2304.398 754.468 2248.317 612.58 2180.806 639.264
P1377 0.00754 2496.477 414.168 2521.212 267.711 2434.668 253.095 2409.933 399.551
P1377 0.00741 2412.447 907.688 2541.987 830.507 2498.072 756.8 2368.532 833.981
P1377 0.00697 2693.469 725.398 2752.986 618.272 2709.712 594.23 2650.195 701.357
P1377 0.00694 2349.955 369.874 2375.811 227.628 2251.158 204.97 2225.302 347.216
P1377 0.0061 2383.185 707.675 2543.098 637.015 2491.568 520.396 2331.655 591.056
P1377 0.0051 376.856 368.733 392.188 321.123 342.72 305.194 327.388 352.804
P1377 0.00506 2394.969 921.52 2496.448 857.204 2441.77 770.932 2340.291 835.247
P1380 0.03525 3879.177 1424.19 3925.694 1399.912 3878.996 1310.437 3832.479 1334.715
P1380 0.03371 3992.181 1379.646 4037.021 1352.389 3991.548 1277.584 3946.709 1304.842
P1380 0.02426 3943.183 1404.111 3991.528 1377.141 3940.817 1286.24 3892.472 1313.21
P1380 0.02269 4090.582 1329.813 4146.497 1301.796 4098.073 1205.156 4042.158 1233.173
P1380 0.01938 1872.91 970.794 1885.95 849.173 1748.36 834.42 1735.32 956.041
P1380 0.01482 4031.083 1354.498 4078.716 1324.033 4033.011 1252.572 3985.377 1283.037
P1380 0.01447 3632.212 2291.209 3692.247 2247.699 3661.978 2205.934 3601.943 2249.444
P1380 0.0121 2052.376 3651.141 2129.481 3592.477 2086.057 3535.402 2008.952 3594.066
P1380 0.00901 3817.763 1449.28 3866.196 1423.702 3812.016 1321.109 3763.583 1346.687
P1380 0.00864 4039.268 969.311 4070.803 838.345 3924.132 803.028 3892.596 933.994
P1380 0.00862 2126.906 3737.176 2164.18 3713.107 2120.218 3645.023 2082.943 3669.091
P1380 0.00779 3244.862 2791.936 3290.78 2740.848 3233.118 2689.021 3187.199 2740.109
P1380 0.00771 4154.471 1313.731 4205.553 1292.477 4163.539 1191.502 4112.457 1212.756
P1380 0.00735 2864.851 4497.095 2920.474 4462.234 2876.621 4392.265 2820.999 4427.126
P1380 0.00729 3636.578 2246.607 3679.983 2204.281 3624.049 2146.923 3580.645 2189.25
P1380 0.00701 1640.661 1591.839 1720.401 1537.675 1691.878 1495.682 1612.137 1549.847
P1380 0.00698 2701.851 2657.739 2744.974 2630.556 2698.387 2556.652 2655.264 2583.835
P1380 0.00685 2169.893 3718.344 2204.523 3696.469 2156.958 3621.167 2122.328 3643.041
P1380 0.0066 4071.766 1340.461 4136.067 1300.03 4084.026 1217.264 4019.725 1257.696
P1380 0.00628 2851.172 4407.016 2908.967 4375.28 2887.577 4336.328 2829.782 4368.064
P1380 0.00602 2767.302 2622.419 2811.712 2595.687 2760.748 2511.021 2716.338 2537.753
P1380 0.00597 2344.273 3608.062 2392.008 3565.607 2339.168 3506.197 2291.434 3548.653
P1380 0.00537 2074.397 3645.993 2151.602 3591.257 2116.829 3542.21 2039.624 3596.946
P1380 0.00536 2135.246 3728.826 2171.475 3705.969 2131.344 3642.363 2095.115 3665.22
P1380 0.00526 2769.686 2758.281 2818.189 2699.489 2787.907 2674.507 2739.404 2733.299
P1380 0.00503 3607.769 2179.827 3634.895 2139.747 3571.443 2096.803 3544.317 2136.883
P1380 0.00435 3661.191 2392.136 3750.965 2343.511 3712.718 2272.899 3622.945 2321.524
P1380 0.00406 3744.986 1468.893 3792.797 1439.844 3732.786 1341.076 3684.975 1370.125
P1380 0.004 2888.255 2568.873 2923.393 2545.037 2873.654 2471.716 2838.516 2495.552
P1380 0.00386 2725.559 2838.48 2756.114 2786.66 2677.972 2740.584 2647.417 2792.405
P1380 0.00359 2287.296 1864.383 2407.938 1807.084 2377.582 1743.168 2256.939 1800.467
P1380 0.00351 4148.979 1966.437 4246.409 1927.664 4183.449 1769.458 4086.02 1808.231
P1380 0.00349 2996.104 4510.842 3066.737 4467.19 3040.453 4424.661 2969.82 4468.313
P1380 0.00341 3448.88 2770.815 3548.771 2701.185 3518.384 2657.592 3418.493 2727.221
P1380 0.00337 2864.295 4517.22 2914.739 4486.849 2877.697 4425.327 2827.254 4455.698
P1380 0.00328 3605.508 2247.651 3649.781 2193.715 3582.552 2138.531 3538.28 2192.466
P1380 0.00325 2800.078 2727.893 2853.005 2682.525 2820.13 2644.173 2767.203 2689.54
P1380 0.00324 2826.709 2575.765 2873.234 2547.113 2825.2 2469.115 2778.676 2497.767
P1380 0.00323 2990.108 4485.824 3051.804 4445.334 3021.429 4399.052 2959.733 4439.542
P1380 0.00307 1900.849 1902.28 1962.374 1871.273 1922.879 1792.905 1861.354 1823.912
P1380 0.00306 3524.058 2257.16 3565.231 2200.5 3513.98 2163.258 3472.807 2219.918
P1380 0.00284 2381.983 2114.895 2454.036 2066.348 2406.271 1995.454 2334.217 2044.0
P1380 0.00273 1931.524 3668.367 1969.504 3637.266 1923.384 3580.947 1885.405 3612.049
P1380 0.00258 1873.308 3572.714 1905.369 3547.987 1861.122 3490.618 1829.061 3515.346
P1380 0.00252 2937.39 4475.838 2978.004 4442.96 2944.3 4401.325 2903.686 4434.203
P1380 0.00247 1799.56 2364.496 1886.269 2310.857 1814.264 2194.457 1727.555 2248.095
P1380 0.00246 2065.891 3779.495 2107.281 3752.206 2072.176 3698.962 2030.786 3726.251
P1380 0.00245 1620.534 1229.916 1654.81 1202.675 1611.327 1147.961 1577.051 1175.202
P1380 0.00245 1754.004 1772.854 1805.837 1745.017 1777.695 1692.616 1725.862 1720.453
P1380 0.00241 2754.113 2645.671 2803.309 2616.367 2755.603 2536.278 2706.407 2565.581
P1380 0.0024 1915.54 1349.012 1923.197 1231.158 1801.685 1223.263 1794.028 1341.117
P2754 0.20478 1133.74 716.915 1157.243 650.413 1107.45 632.815 1083.946 699.317
P2754 0.20223 1111.735 758.332 1134.027 693.578 1087.823 677.672 1065.53 742.426
P2754 0.15725 1059.829 748.275 1078.736 693.251 1025.7 675.028 1006.794 730.051
P2754 0.05141 1159.189 635.543 1186.222 541.51 1137.036 527.37 1110.004 621.403
P2754 0.04693 1195.967 756.26 1223.828 679.579 1176.005 662.203 1148.145 738.884
P2754 0.04552 1006.928 730.495 1030.951 664.037 970.568 642.21 946.545 708.669
P2754 0.03874 1064.552 717.228 1086.464 651.378 1041.401 636.383 1019.489 702.233
P2754 0.03873 1230.406 647.916 1259.399 562.164 1216.825 547.769 1187.832 633.521
P2754 0.03485 1076.426 658.281 1096.878 592.993 1057.649 580.704 1037.197 645.991
P2754 0.03158 1179.162 799.452 1202.973 738.473 1148.715 717.286 1124.904 778.265
P2754 0.0308 1016.912 657.557 1039.613 592.052 992.487 575.72 969.786 641.225
P2754 0.02851 1078.005 616.214 1101.913 539.899 1046.516 522.545 1022.608 598.86
P2754 0.02019 1046.012 744.632 1065.54 687.196 988.881 661.132 969.353 718.569
P2754 0.01417 1048.643 638.39 1071.0 558.082 1020.196 543.939 997.84 624.247
P2754 0.00925 1075.234 815.362 1096.341 757.259 1026.08 731.735 1004.973 789.837
P2754 0.00914 2824.531 1483.182 2847.61 1384.806 2795.539 1372.591 2772.461 1470.966
P2754 0.00862 1146.793 633.278 1174.272 542.543 1118.751 525.729 1091.273 616.464
P2754 0.00668 1260.398 659.675 1286.412 585.665 1249.887 572.826 1223.872 646.836
P2754 0.00424 1146.257 664.124 1178.696 571.434 1123.321 552.055 1090.882 644.745
P2754 0.00381 2810.225 1485.444 2825.407 1411.471 2780.786 1402.314 2765.604 1476.286
P2754 0.00375 1113.253 792.517 1135.176 731.79 1082.042 712.609 1060.12 773.335
P2754 0.00316 2921.943 1514.459 2946.549 1419.564 2899.589 1407.387 2874.983 1502.282
P2754 0.00273 2883.615 1487.873 2901.693 1404.375 2860.565 1395.471 2842.487 1478.968
P2481 0.01307 1455.498 151.842 1454.474 80.033 1394.398 80.889 1395.422 152.698
P2481 0.01049 2001.881 301.153 2010.917 262.008 1946.022 247.028 1936.986 286.173
P2481 0.01047 1980.709 300.087 1988.547 265.157 1921.309 250.068 1913.47 284.998
P2481 0.00613 1996.547 429.378 2024.65 416.114 2006.068 376.741 1977.964 390.005
P2481 0.00325 1414.44 60.825 1414.423 26.752 1356.323 26.781 1356.339 60.853
P2481 0.00286 1561.918 160.07 1601.038 157.654 1596.334 81.487 1557.213 83.903
P2481 0.00266 1816.143 400.205 1840.607 391.694 1824.949 346.686 1800.485 355.197
P2481 0.00261 2033.708 427.328 2070.329 411.254 2045.955 355.725 2009.335 371.799
P2481 0.00237 1548.006 163.194 1592.718 160.296 1587.778 84.08 1543.066 86.978
P2481 0.00232 1894.234 371.312 1900.843 345.286 1872.494 338.088 1865.885 364.114
P2481 0.00216 1472.86 126.957 1478.425 79.175 1462.076 77.271 1456.511 125.053
P2481 0.00184 2083.423 838.675 2086.408 781.273 2030.286 778.354 2027.3 835.756
P2481 0.00182 1467.591 60.364 1467.427 28.634 1390.756 29.03 1390.92 60.761
P2481 0.00173 1893.969 293.234 1900.302 259.052 1871.044 253.631 1864.711 287.814
P2481 0.00171 1521.096 152.776 1559.04 149.912 1554.0 83.134 1516.056 85.997
P2481 0.00169 1476.407 108.545 1476.537 64.513 1453.433 64.445 1453.302 108.476
P2481 0.00161 1991.879 456.013 2026.529 438.517 2010.452 406.677 1975.802 424.173
P2481 0.00153 1829.609 384.441 1853.866 373.741 1838.509 338.926 1814.251 349.627
P2481 0.00143 2009.731 279.25 2014.08 249.674 1948.617 240.046 1944.267 269.622
P2481 0.00141 1860.691 292.616 1868.121 245.077 1827.557 238.737 1820.127 286.276
P2481 0.00141 1881.63 383.822 1902.521 360.986 1882.86 343.001 1861.97 365.836
P2481 0.0014 1825.55 405.522 1854.019 394.465 1836.446 349.222 1807.977 360.28
P1376 0.00429 4556.298 2209.014 4642.975 2189.282 4608.52 2037.931 4521.843 2057.663
P1376 0.00318 4218.602 1556.896 4255.108 1532.815 4220.552 1480.428 4184.045 1504.51
P1376 0.00216 4153.032 1605.555 4191.813 1580.347 4148.736 1514.075 4109.955 1539.283
P1376 0.00201 4102.15 1645.934 4158.127 1605.612 4100.909 1526.179 4044.933 1566.501
P1376 0.00194 4518.688 2183.142 4584.27 2165.788 4547.622 2027.291 4482.041 2044.645
P1376 0.00156 4518.346 2203.028 4571.766 2190.4 4547.815 2089.083 4494.395 2101.712
P1376 0.00154 4161.919 1595.243 4198.271 1571.254 4150.06 1498.197 4113.708 1522.186
P1376 0.0013 4622.322 2193.458 4693.682 2168.109 4657.169 2065.322 4585.809 2090.671
P1786 0.15451 2752.501 2625.704 2831.562 2555.136 2705.377 2413.767 2626.317 2484.335
P1786 0.02318 2682.095 2492.618 2723.073 2448.191 2672.856 2401.872 2631.878 2446.298
P1786 0.02083 921.0 2929.998 977.13 2902.416 941.846 2830.61 885.715 2858.192
P1786 0.01503 2911.656 2567.954 2954.951 2532.682 2880.215 2440.944 2836.919 2476.216
P1786 0.00753 2633.511 2470.655 2689.348 2414.912 2565.058 2290.415 2509.222 2346.158
P1786 0.0067 853.642 2968.62 897.855 2950.396 862.513 2864.654 818.3 2882.878
P1786 0.00664 2675.858 2482.825 2719.045 2439.329 2646.778 2367.575 2603.591 2411.07
P1786 0.00627 2763.5 2674.896 2826.996 2555.742 2656.337 2464.801 2592.842 2583.956
P1786 0.00532 911.422 2964.91 980.204 2934.634 942.987 2850.085 874.205 2880.362
P1786 0.00519 2840.17 2669.666 2864.789 2636.726 2816.581 2600.696 2791.962 2633.635
P1410 0.03894 2484.393 4178.282 2488.769 4082.579 2440.08 4080.353 2435.704 4176.055
P1410 0.0378 2597.956 4170.589 2606.199 3944.653 2501.771 3940.843 2493.528 4166.779
P1410 0.0236 5056.687 1723.834 5060.234 1635.248 4976.377 1631.891 4972.831 1720.476
P1410 0.01896 2166.743 4285.275 2167.258 4169.692 2078.074 4169.294 2077.559 4284.877
P1410 0.01323 2486.567 4118.65 2494.916 3976.598 2443.732 3973.59 2435.383 4115.642
P1410 0.00941 3616.5 4394.352 3618.533 4272.03 3537.072 4270.675 3535.039 4392.998
P1410 0.00893 3360.91 4200.649 3369.232 4082.728 3307.178 4078.349 3298.857 4196.271
P1410 0.00631 3450.358 4185.778 3450.834 4083.385 3400.086 4083.149 3399.61 4185.542
P1410 0.00631 3428.495 3625.87 3428.555 3543.921 3377.412 3543.883 3377.351 3625.832
P1410 0.00604 1284.02 901.098 1314.368 846.478 1267.947 820.685 1237.598 875.305
P1410 0.00582 1274.448 861.344 1317.664 807.561 1271.819 770.724 1228.604 824.508
P1410 0.00461 2302.136 2776.312 2309.601 2702.707 2235.364 2695.177 2227.899 2768.782
P1410 0.00458 2863.149 4093.932 2863.566 3882.607 2751.695 3882.386 2751.277 4093.711
P1410 0.0037 2863.17 4177.425 2868.221 3888.425 2714.099 3885.731 2709.048 4174.731
P1410 0.0037 2507.597 4083.523 2516.838 3932.412 2452.358 3928.469 2443.117 4079.58
P1410 0.00363 1032.476 925.887 1059.069 889.953 1000.574 846.663 973.98 882.597
P2255 0.00656 178.312 107.32 178.288 84.814 166.984 84.826 167.007 107.332
P2255 0.00624 490.356 279.457 500.959 269.155 485.735 253.486 475.132 263.788
P2255 0.0052 476.458 261.905 486.597 252.566 475.246 240.243 465.107 249.582
P2255 0.00461 164.222 107.692 164.782 70.98 143.387 70.653 142.827 107.365
P2255 0.00102 182.489 107.92 182.134 84.532 169.165 84.729 169.52 108.117
P2446 0.00172 1778.167 1636.666 1779.67 1601.453 1738.327 1599.689 1736.824 1634.902
P2310 0.01371 28.798 32.154 32.047 -1.554 4.738 -4.186 1.489 29.522
P1911 0.00291 698.577 32.304 704.623 -0.661 658.177 -9.181 652.13 23.785
P1584 0.00291 1872.049 4041.816 1912.51 4029.838 1889.192 3951.07 1848.731 3963.048
P1584 0.00273 1793.875 4002.228 1841.982 3987.591 1817.26 3906.331 1769.152 3920.967
P2608 0.19272 297.118 2161.315 343.203 2025.838 222.109 1984.646 176.024 2120.123
P2542 0.00492 1000.56 96.169 1044.905 88.112 1040.744 65.209 996.399 73.266
P2542 0.00376 794.029 1003.089 842.643 928.12 773.583 883.338 724.969 958.307
P2542 0.00343 951.567 105.947 974.394 100.695 970.642 84.39 947.815 89.641
P2542 0.00189 778.437 1008.217 809.268 965.346 750.912 923.378 720.081 966.249
P2542 0.00175 764.127 1019.737 775.442 1001.439 734.292 975.995 722.978 994.293
P0130 0.00832 657.481 219.874 658.094 196.745 629.003 195.975 628.391 219.104
P0130 0.00655 430.473 575.924 431.238 555.06 420.758 554.676 419.994 575.54
P0130 0.00616 656.365 232.38 657.696 202.137 626.004 200.743 624.674 230.985
P0130 0.00393 624.434 410.576 625.634 384.233 593.603 382.773 592.403 409.116
P0130 0.00377 703.081 58.422 703.219 43.503 695.648 43.433 695.51 58.352
P0130 0.00354 608.498 277.397 612.155 200.816 590.276 199.772 586.619 276.352
P0130 0.00296 711.92 378.654 712.653 357.597 672.422 356.196 671.688 377.253
P0130 0.00271 586.897 412.887 588.445 378.452 571.21 377.677 569.662 412.112
P0130 0.00253 652.26 253.923 654.619 213.632 624.493 211.868 622.134 252.159
P0130 0.00244 582.332 537.921 583.553 518.122 570.034 517.288 568.813 537.087
P0130 0.00195 694.057 60.881 694.419 43.093 683.099 42.863 682.737 60.65
P0130 0.00195 413.546 576.978 413.578 554.539 400.775 554.521 400.744 576.96
P0130 0.00155 136.869 38.407 137.249 20.08 126.862 19.864 126.482 38.192
P0130 0.00149 655.0 207.932 655.267 192.05 632.355 191.666 632.089 207.548
P0130 0.0014 443.669 575.645 443.919 556.277 433.171 556.138 432.922 575.506
P0130 0.00125 552.798 546.492 553.621 512.814 523.193 512.071 522.37 545.748
P0130 0.00113 618.499 278.362 622.266 206.694 596.957 205.364 593.191 277.032
P0130 0.00106 711.402 397.869 712.508 373.986 676.854 372.336 675.749 396.218
P1088 0.37059 876.131 1700.231 869.456 1451.022 744.516 1454.369 751.191 1703.578
P1088 0.28796 727.011 1688.678 731.39 1469.567 616.078 1467.262 611.699 1686.374
P1088 0.05889 1011.238 1614.306 1031.653 1485.707 844.305 1455.966 823.891 1584.565
P1088 0.04053 634.317 1660.339 638.783 1470.353 559.092 1468.48 554.626 1658.466
P1088 0.03794 852.354 1489.194 853.42 1428.429 673.675 1425.276 672.609 1486.041
P1088 0.03208 976.898 1692.251 974.013 1476.85 886.025 1478.029 888.91 1693.43
P1088 0.02889 794.981 1674.785 963.793 1635.785 922.401 1456.619 753.589 1495.619
P1088 0.01187 307.705 1923.861 443.711 1877.685 385.352 1705.797 249.346 1751.973
P1088 0.01156 542.989 1642.879 544.185 1467.22 445.866 1466.55 444.67 1642.209
P1088 0.00964 1045.309 1620.038 1041.605 1457.212 908.65 1460.236 912.354 1623.062
P1088 0.00751 574.192 1650.619 577.074 1478.719 482.039 1477.125 479.157 1649.026
P1088 0.00635 440.069 1723.374 440.494 1612.909 220.993 1612.064 220.568 1722.529
P1088 0.00573 411.17 1830.069 410.395 1666.986 231.558 1667.836 232.333 1830.919
P1088 0.00496 406.571 1598.242 407.434 1428.298 266.158 1427.581 265.295 1597.525
P1088 0.00434 436.602 1902.522 434.81 1785.9 232.819 1789.003 234.611 1905.625
P1088 0.00211 857.539 1455.953 860.389 1384.65 692.385 1377.936 689.535 1449.24
P1088 0.00151 446.795 1603.102 446.438 1440.902 315.917 1441.189 316.274 1603.389
P1088 0.0012 603.125 1641.373 607.0 1505.551 555.788 1504.089 551.912 1639.911
P1088 0.00119 665.37 1444.641 666.111 1344.228 594.555 1343.7 593.814 1444.113
P2791 0.00717 4159.149 2351.804 4248.443 2294.846 4120.236 2093.855 4030.942 2150.813
P1086 0.04111 879.555 852.28 905.086 815.266 863.059 786.277 837.528 823.29
P1086 0.00156 883.425 869.125 907.069 842.578 866.133 806.118 842.488 832.665
P0715 0.04758 1119.761 85.275 1178.614 13.705 1139.934 -18.102 1081.081 53.467
P0715 0.00699 1056.863 583.654 1103.338 516.695 1035.001 469.264 988.526 536.223
P0715 0.0018 1132.546 523.567 1147.591 502.815 1135.496 494.047 1120.451 514.799
P0715 0.00126 1096.653 78.11 1144.52 20.056 1113.025 -5.912 1065.159 52.143
P2012 0.00225 308.202 138.051 308.25 127.817 298.1 127.769 298.052 138.003
P2012 0.00144 345.908 101.847 345.036 68.579 330.714 68.955 331.586 102.223
P2012 0.00115 451.063 62.978 451.795 36.017 422.842 35.231 422.11 62.193
P2342 0.0064 113.557 1759.53 139.834 1656.389 95.427 1645.076 69.15 1748.216
P2342 0.00246 1133.532 1689.673 1160.21 1675.278 1144.109 1645.44 1117.432 1659.835
P2342 0.00172 155.869 1598.858 162.767 1542.324 137.116 1539.195 130.218 1595.729
P1679 0.00329 176.375 3653.235 172.291 3433.292 49.779 3435.567 53.863 3655.51
P1679 0.00254 178.498 826.127 264.544 808.475 222.153 601.846 136.108 619.499
P1679 0.002 167.708 873.261 248.752 857.615 208.35 648.336 127.306 663.982
P1679 0.00182 220.503 864.132 299.406 844.769 253.362 657.141 174.459 676.503
P1679 0.00145 249.869 871.686 326.231 856.95 295.872 699.632 219.51 714.368
P1679 0.00135 142.174 830.621 226.253 812.577 186.683 628.192 102.605 646.236
P1679 0.00119 314.333 868.336 380.949 856.275 351.053 691.157 284.437 703.219
P1679 0.00115 308.328 816.604 375.797 805.016 349.25 650.445 281.781 662.032
P1432 0.01688 1750.043 1159.375 1746.579 920.826 1581.641 923.221 1585.106 1161.771
P1432 0.00797 239.289 2992.122 368.083 2951.158 274.634 2657.348 145.84 2698.312
P2194 0.00599 458.974 1559.513 466.297 1391.824 399.601 1388.912 392.278 1556.6
P2449 0.00206 562.298 2032.025 602.087 2015.123 577.008 1956.085 537.219 1972.988
P0086 0.00498 102.628 1439.653 228.214 1379.446 199.119 1318.757 73.533 1378.964
P0086 0.00158 892.853 1495.1 939.982 1440.065 857.835 1369.717 810.706 1424.753
P0104 0.0015 339.126 54.891 356.121 18.881 272.014 -20.815 255.018 15.194
P2408 0.01948 1316.541 2162.622 1387.931 2131.24 1340.478 2023.289 1269.088 2054.671
P2408 0.01582 1242.286 2001.838 1332.422 1962.852 1264.48 1805.772 1174.344 1844.759
P2408 0.0079 1328.873 2225.206 1418.848 2186.427 1400.932 2144.859 1310.958 2183.638
P2408 0.00506 1113.903 1830.072 1160.914 1807.914 1123.607 1728.764 1076.596 1750.922
P2408 0.00189 1267.185 2134.478 1300.812 2112.926 1264.701 2056.583 1231.073 2078.135
P2408 0.00112 1280.015 2126.834 1315.535 2106.467 1274.467 2034.846 1238.948 2055.213
P2093 0.08814 1249.584 212.149 1280.785 175.893 1206.233 111.734 1175.031 147.99
P2093 0.01001 1126.048 102.4 1172.465 45.051 1092.306 -19.829 1045.889 37.52
P2093 0.00763 1269.883 198.439 1287.286 178.974 1244.843 141.026 1227.44 160.491
P0647 0.00116 651.004 834.999 652.866 622.905 533.406 621.856 531.544 833.95
P0651 0.01171 651.428 823.251 662.197 633.815 571.631 628.667 560.863 818.103
P0651 0.00149 548.037 814.372 555.237 633.0 466.973 629.497 459.773 810.868
P0665 0.00372 32.118 67.648 49.491 14.672 6.086 0.437 -11.287 53.413
P0665 0.00214 27.362 32.668 37.579 10.006 5.101 -4.636 -5.116 18.026
P0665 0.00193 115.007 216.278 159.393 161.707 128.954 136.949 84.568 191.519
P0665 0.00121 335.395 223.791 394.559 142.108 326.967 93.151 267.803 174.834
P2044 0.96085 275.923 553.255 335.696 548.831 328.334 449.355 268.56 453.779
P2044 0.95812 344.639 551.24 404.007 547.216 397.079 445.001 337.711 449.025
P2504 0.01108 1147.804 625.315 1245.003 605.516 1212.076 443.871 1114.878 463.67
P2504 0.00279 1594.004 359.876 1622.298 356.371 1613.163 282.646 1584.869 286.152
P2504 0.00277 1408.153 1707.388 1446.311 1704.582 1440.384 1623.967 1402.226 1626.772
P2504 0.0024 1572.581 348.708 1597.829 345.08 1588.443 279.761 1563.195 283.389
P2504 0.00187 1255.378 480.342 1287.702 461.414 1262.838 418.953 1230.514 437.881
P2504 0.00166 1543.049 341.073 1565.936 337.555 1558.483 289.067 1535.596 292.585
P2504 0.00118 1567.153 368.309 1591.29 365.165 1583.631 306.365 1559.495 309.509
P2504 0.00115 1328.28 491.91 1389.433 480.229 1364.2 348.117 1303.046 359.798
P2129 0.00239 409.27 293.063 460.875 223.129 428.363 199.138 376.758 269.073
P2129 0.00233 37.591 759.776 66.874 725.731 49.797 711.042 20.514 745.086
P2129 0.00217 629.006 729.383 646.822 704.119 605.925 675.279 588.109 700.543
P2129 0.00147 653.318 753.12 675.107 721.001 609.274 676.339 587.484 708.458
P0199 0.00141 274.674 370.645 274.466 281.299 224.12 281.416 224.329 370.763
P0199 0.00122 212.126 382.678 213.299 279.468 166.93 278.941 165.757 382.152
P2375 0.00136 934.635 1417.383 966.315 1393.092 941.656 1360.933 909.976 1385.224
P2375 0.00134 959.221 1088.153 988.933 1074.5 962.209 1016.345 932.497 1029.998
P2375 0.00128 1310.233 93.438 1338.01 79.403 1322.808 49.318 1295.031 63.354
P2375 0.00114 838.018 1458.19 878.72 1434.306 861.592 1405.118 820.89 1429.001
P2375 0.0011 1572.246 781.503 1567.514 699.896 1538.973 701.55 1543.705 783.158
P2375 0.00104 1547.119 497.674 1567.609 434.248 1545.924 427.242 1525.434 490.669
P1103 0.00788 703.967 45.56 706.93 -1.152 591.832 -8.452 588.869 38.26
P1103 0.00107 653.439 82.38 724.177 5.423 684.07 -31.443 613.332 45.514
P2593 0.00384 370.053 1274.517 417.6 1257.163 382.777 1161.751 335.23 1179.104
P2241 0.00419 412.245 803.893 411.719 761.657 378.516 762.07 379.041 804.307
P2241 0.00271 413.025 252.622 411.299 206.76 381.286 207.89 383.012 253.751
P2241 0.00208 388.628 806.296 388.556 760.288 336.073 760.371 336.145 806.378
P2768 0.03338 749.518 1802.644 749.012 1756.322 723.091 1756.605 723.597 1802.927
P2768 0.02909 52.635 308.453 80.464 298.832 53.08 219.624 25.251 229.245
P2768 0.01714 843.833 1639.375 843.462 1600.016 810.815 1600.323 811.185 1639.682
P2768 0.01433 711.062 1799.646 710.962 1755.757 681.242 1755.825 681.342 1799.714
P2768 0.01254 45.066 227.245 68.001 217.867 48.446 170.038 25.51 179.416
P2768 0.01147 49.773 275.686 40.689 208.415 10.886 212.44 19.971 279.711
P2768 0.01136 782.403 1800.709 782.859 1755.824 756.455 1755.556 755.999 1800.441
P2768 0.01076 862.825 1649.618 897.632 1646.263 892.0 1587.821 857.192 1591.175
P2768 0.0098 721.749 1801.822 721.45 1757.32 691.57 1757.52 691.869 1802.022
P2768 0.00873 832.865 1657.573 863.418 1643.864 840.357 1592.467 809.803 1606.176
P2768 0.00858 918.945 2094.489 917.779 1992.97 884.318 1993.354 885.484 2094.874
P2768 0.00808 242.821 417.393 266.421 405.621 251.795 376.3 228.195 388.073
P2768 0.00773 920.942 1623.936 940.214 1612.721 925.692 1587.764 906.42 1598.979
P2768 0.00671 838.981 2052.392 835.792 1872.782 736.926 1874.537 740.115 2054.148
P2768 0.00551 71.502 295.613 93.421 288.52 74.439 229.86 52.52 236.953
P2768 0.00484 7.123 266.552 27.016 246.813 0.876 220.47 -19.017 240.209
P2768 0.00465 72.366 310.505 93.884 304.185 77.471 248.297 55.953 254.616
P2768 0.00444 839.245 1627.871 843.425 1598.117 805.291 1592.761 801.112 1622.515
P2768 0.00432 876.349 1650.233 912.204 1639.113 897.157 1590.597 861.302 1601.717
P2768 0.00415 98.023 228.624 127.158 212.17 91.094 148.313 61.959 164.767
P2768 0.00398 307.8 537.969 328.883 526.447 301.175 475.748 280.092 487.27
P2768 0.00381 11.797 160.641 14.237 134.789 -5.617 132.916 -8.056 158.768
P2768 0.00379 25.814 279.216 39.752 212.321 -7.416 202.493 -21.353 269.389
P2768 0.00327 887.721 1946.121 912.435 1933.233 898.695 1906.884 873.98 1919.771
P2768 0.00312 14.141 269.899 41.598 199.396 -5.912 180.894 -33.369 251.397
P2768 0.0031 126.581 194.233 157.953 180.391 127.592 111.581 96.221 125.422
P2768 0.00288 876.469 1653.619 876.32 1601.137 834.896 1601.254 835.044 1653.736
P2768 0.0025 924.14 1648.679 943.056 1636.901 929.054 1614.413 910.138 1626.191
P2768 0.00246 35.357 214.226 56.643 205.687 45.023 176.719 23.737 185.258
P2768 0.00234 293.831 596.547 319.765 569.794 303.478 554.007 277.545 580.76
P2768 0.0023 908.029 1933.232 916.257 1891.414 889.159 1886.082 880.93 1927.9
P2768 0.00213 266.968 476.171 290.916 459.214 279.535 443.141 255.587 460.099
P2768 0.00209 237.478 387.314 259.713 375.625 242.502 342.889 220.268 354.579
P2768 0.00209 948.862 1667.629 973.36 1656.616 956.822 1619.827 932.324 1630.84
P2768 0.00171 953.675 1621.182 973.426 1612.456 961.189 1584.758 941.438 1593.484
P2768 0.00169 925.097 1633.734 947.402 1630.291 942.221 1596.727 919.916 1600.17
P2768 0.0015 889.401 1984.062 919.116 1977.959 909.182 1929.595 879.467 1935.698
P2768 0.00145 886.02 1795.83 886.374 1755.78 840.231 1755.372 839.877 1795.422
P2768 0.00143 285.574 592.967 306.795 569.001 287.98 552.341 266.759 576.307
P2768 0.00143 75.478 215.585 105.632 201.267 71.677 129.758 41.523 144.076
P2768 0.00142 268.356 556.65 284.843 544.552 264.399 516.692 247.912 528.79
P2768 0.00138 975.324 1661.357 997.388 1656.91 987.259 1606.645 965.194 1611.091
P2768 0.00126 980.41 1628.419 1001.295 1625.647 996.173 1587.052 975.287 1589.824
P2768 0.0012 162.897 272.923 182.126 263.189 168.803 236.871 149.574 246.606
P2768 0.0012 134.579 212.2 159.071 200.859 134.758 148.35 110.265 159.691
P2768 0.0012 829.716 1650.582 841.216 1618.716 804.703 1605.54 793.203 1637.406
P2768 0.00119 742.4 1657.8 743.858 1634.875 717.134 1633.175 715.676 1656.1
P2768 0.00108 703.988 2080.097 704.339 2020.623 680.584 2020.483 680.233 2079.957
P2768 0.00104 1.98 249.745 27.271 233.684 4.555 197.914 -20.735 213.975
P2768 0.00101 119.935 305.606 137.342 295.47 111.493 251.077 94.086 261.213
P1878 0.00462 516.99 112.901 553.824 51.419 512.524 26.677 475.691 88.159
P1878 0.00361 462.224 123.733 554.165 82.353 530.503 29.777 438.561 71.157
P1878 0.00234 620.824 103.916 631.471 49.477 562.925 36.071 552.278 90.51
P1878 0.00151 32.273 557.599 33.844 418.835 -2.243 418.427 -3.814 557.19
P1878 0.00149 533.498 134.423 573.618 100.081 518.696 35.919 478.576 70.261
P1878 0.00148 534.743 86.563 559.027 41.392 519.46 20.121 495.176 65.293
P1878 0.00136 36.155 416.532 34.389 296.473 -4.069 297.039 -2.302 417.098
P1878 0.00131 33.055 300.621 32.087 184.942 -2.401 185.231 -1.434 300.91
P1878 0.00116 281.428 51.349 327.922 40.321 315.608 -11.601 269.113 -0.574
P1878 0.0011 15.423 554.408 14.177 414.089 -11.321 414.315 -10.075 554.634
P1492 0.00289 146.138 2372.402 134.187 1610.156 -3.353 1612.312 8.598 2374.558
P2150 0.0022 25.687 861.506 61.468 776.9 20.433 759.545 -15.348 844.152
P2595 0.00657 529.812 1279.882 594.397 1269.95 577.312 1158.85 512.727 1168.782
P2595 0.00267 2.685 1218.785 57.619 1212.762 42.958 1079.052 -11.975 1085.075
P2595 0.00114 670.676 1252.499 701.896 1247.513 692.738 1190.172 661.518 1195.158
P2595 0.00104 96.044 858.418 125.662 853.962 117.539 799.972 87.921 804.428
P0368 0.93722 694.906 821.356 799.373 709.247 714.98 630.606 610.513 742.715
P0368 0.00879 329.075 1149.69 641.993 851.859 458.656 659.234 145.737 957.066
P0659 0.94818 210.943 368.458 413.136 316.259 386.204 211.941 184.011 264.14
P0659 0.00681 387.405 58.066 394.625 -6.451 320.196 -14.78 312.976 49.736
P0659 0.00226 394.183 559.395 471.222 537.863 423.249 366.225 346.21 387.757
P0047 0.0014 277.766 900.862 279.008 864.218 248.709 863.192 247.468 899.836
P2580 0.01672 391.161 1084.484 438.531 1059.895 390.039 966.48 342.669 991.069
P2059 0.0024 948.337 415.034 952.839 392.643 920.074 386.054 915.572 408.445
P2059 0.00176 864.78 370.029 872.564 346.78 844.926 337.525 837.142 360.774
P0242 0.92465 91.653 613.178 195.346 601.241 177.437 445.667 73.744 457.604
P0882 0.00489 860.718 1133.354 870.443 1024.333 778.802 1016.159 769.077 1125.18
P0882 0.00341 240.363 382.951 352.58 356.851 323.246 230.728 211.029 256.828
P0882 0.00101 1023.365 625.502 1020.009 379.403 972.635 380.049 975.991 626.148
P0796 0.10134 477.704 2310.971 522.183 2295.0 492.107 2211.243 447.628 2227.215
P0796 0.10059 413.746 2316.773 451.847 2301.394 423.729 2231.732 385.627 2247.112
