P0961 0.00139 177.136 669.461 177.884 -40.465 -2.408 -40.655 -3.156 669.271
P0964 0.01304 120.291 939.037 89.127 467.526 -13.846 474.331 17.318 945.842
P0964 0.00421 84.375 988.725 79.276 329.893 -49.918 330.892 -44.82 989.725
P2256 0.00843 99.12 568.224 104.496 490.657 39.174 486.13 33.798 563.697
P2256 0.00389 115.035 758.334 120.787 693.453 32.272 685.606 26.52 750.487
P2256 0.00314 113.661 1003.481 125.606 932.932 54.991 920.976 43.046 991.524
P2256 0.00244 102.845 945.925 107.645 882.413 37.774 877.133 32.975 940.646
P2256 0.00221 165.822 939.712 184.811 887.625 129.164 867.337 110.175 919.424
P2256 0.00187 108.281 649.519 113.233 602.583 24.308 593.202 19.356 640.137
P2256 0.00144 502.758 1303.782 501.266 1179.754 375.773 1181.264 377.265 1305.291
P0968 0.00134 57.146 540.27 39.117 175.143 -9.515 177.545 8.514 542.671
P2271 0.02848 3534.64 1133.127 3560.36 704.846 2687.534 652.427 2661.813 1080.708
P2271 0.01224 5201.972 1332.319 5200.315 724.057 4597.805 725.699 4599.462 1333.961
P2271 0.00771 1500.752 669.882 1495.047 243.7 441.358 257.805 447.063 683.987
P2271 0.0047 3657.192 1148.44 3674.007 731.132 3343.625 717.82 3326.81 1135.128
P2271 0.00253 3518.925 1470.547 3519.86 1313.589 3421.096 1313.001 3420.161 1469.959
P2271 0.00211 649.991 1506.846 674.68 1466.868 608.792 1426.178 584.103 1466.157
P2271 0.00177 3873.502 2571.711 3923.082 2461.274 3849.828 2428.388 3800.248 2538.825
P2271 0.00113 3554.739 1373.152 3551.274 1128.132 3434.801 1129.779 3438.266 1374.799
P2271 0.00111 3564.896 1480.639 3564.627 1281.197 3458.821 1281.34 3459.09 1480.782
P2718 0.0108 1005.154 501.457 1052.816 449.899 1007.998 408.468 960.336 460.027
P2718 0.00913 804.286 859.76 816.799 759.338 740.129 749.785 727.616 850.207
P2718 0.00901 1827.869 1644.267 1885.275 1602.088 1852.591 1557.604 1795.185 1599.782
P2718 0.0062 550.879 799.52 559.704 733.538 471.3 721.714 462.474 787.696
P2718 0.00564 1851.769 1747.497 1908.001 1705.881 1842.03 1616.74 1785.798 1658.356
P2718 0.0054 1087.795 331.684 1099.479 272.244 1014.131 255.467 1002.447 314.907
P2718 0.00477 743.852 722.072 766.235 646.554 690.106 623.99 667.724 699.508
P2718 0.0047 2578.991 2193.264 2621.101 2121.06 2565.345 2088.543 2523.235 2160.747
P2718 0.00469 1222.781 1061.292 1287.274 994.673 1210.767 920.607 1146.274 987.226
P2718 0.00405 1050.899 508.439 1088.36 448.361 1033.138 413.928 995.677 474.006
P2718 0.00379 1882.047 1788.571 1941.227 1739.167 1859.832 1641.666 1800.652 1691.07
P2714 0.05556 4332.836 1599.41 4424.366 1500.347 4358.917 1439.875 4267.387 1538.938
P2714 0.0322 3896.069 324.463 3912.335 199.254 3850.294 191.195 3834.028 316.403
P2714 0.02955 801.525 1935.069 879.282 1910.179 854.002 1831.206 776.246 1856.096
P2714 0.02365 2649.629 1843.918 2667.577 1759.964 2620.008 1749.794 2602.06 1833.749
P2714 0.02099 3966.979 842.795 3986.619 784.249 3929.027 764.928 3909.386 823.474
P2714 0.01952 4254.066 1469.291 4296.332 1411.351 4245.094 1373.974 4202.828 1431.913
P2714 0.0194 2705.693 1869.091 2727.915 1794.562 2667.619 1776.584 2645.397 1851.113
P2714 0.0151 3946.271 793.065 3970.882 727.101 3912.456 705.302 3887.845 771.265
P2714 0.01305 4272.146 1521.574 4326.133 1460.03 4296.086 1433.672 4242.099 1495.216
P2714 0.0125 2894.156 2215.385 2904.068 2145.764 2834.084 2135.801 2824.172 2205.422
P2714 0.01205 3999.419 834.543 4025.189 769.138 3976.912 750.116 3951.142 815.52
P2714 0.01103 4007.488 1851.089 4030.045 1788.44 3933.653 1753.733 3911.095 1816.382
P2714 0.00894 4287.406 1431.833 4321.57 1363.723 4260.565 1333.124 4226.401 1401.234
P2714 0.00828 4053.417 904.334 4092.653 837.051 4050.363 812.39 4011.127 879.673
P2714 0.00778 2426.98 277.368 2434.152 196.063 2365.703 190.024 2358.53 271.329
P2714 0.00679 3114.128 371.823 3132.186 266.645 3067.86 255.601 3049.802 360.779
P2714 0.00645 2437.914 213.136 2444.103 133.412 2385.856 128.89 2379.667 208.615
P2714 0.00611 3800.794 235.743 3810.462 132.09 3753.987 126.823 3744.319 230.476
P2714 0.00534 817.999 1907.893 870.585 1895.1 852.91 1822.446 800.324 1835.239
P2714 0.00519 1815.127 144.057 1822.479 90.14 1765.604 82.385 1758.252 136.302
P2714 0.00517 1788.549 1588.784 1832.618 1563.252 1798.042 1503.574 1753.974 1529.106
P2714 0.0049 3880.942 843.837 3895.862 790.684 3855.57 779.374 3840.649 832.527
P2714 0.00487 2543.227 108.556 2554.015 16.699 2482.966 8.355 2472.178 100.211
P2714 0.0048 1702.448 1480.318 1757.277 1451.846 1727.549 1394.6 1672.721 1423.072
P2721 0.02027 384.283 1021.897 396.902 950.555 337.774 940.096 325.155 1011.438
P2721 0.01787 779.049 417.585 802.131 316.302 705.919 294.376 682.837 395.659
P2721 0.01696 2163.966 730.703 2228.326 669.569 2186.615 625.656 2122.255 686.79
P2721 0.01241 1226.752 1511.208 1314.725 1491.22 1303.649 1442.47 1215.676 1462.458
P2721 0.01147 3714.44 1929.556 3774.41 1840.979 3726.058 1808.243 3666.089 1896.82
P2721 0.01087 1662.93 403.95 1719.009 357.189 1688.685 320.823 1632.606 367.583
P2721 0.00766 410.683 436.736 419.198 352.413 336.391 344.051 327.876 428.373
P2721 0.00721 609.099 896.816 624.254 832.819 545.377 814.14 530.222 878.136
P2721 0.00603 1530.331 233.487 1547.269 150.551 1482.385 137.3 1465.447 220.236
P2721 0.00575 855.245 426.251 873.301 324.854 815.919 314.635 797.863 416.033
P2721 0.00574 3787.934 1918.126 3879.729 1802.069 3820.537 1755.251 3728.741 1871.308
P2721 0.00551 1712.737 472.677 1774.952 411.805 1743.032 379.18 1680.817 440.053
P2721 0.00546 1048.802 661.19 1051.823 615.474 977.015 610.532 973.995 656.248
P2721 0.00494 1556.479 287.062 1595.159 229.766 1559.662 205.802 1520.982 263.098
P2721 0.00486 3361.391 797.214 3431.778 730.173 3378.429 674.162 3308.042 741.202
P2721 0.00473 963.855 779.217 980.17 736.137 922.222 714.192 905.908 757.272
P2724 0.11889 2068.104 2211.467 2127.454 2178.65 2077.39 2088.107 2018.04 2120.924
P2724 0.04549 3633.805 1320.614 3702.965 1299.501 3677.278 1215.355 3608.118 1236.468
P2724 0.01634 2585.216 884.055 2667.058 838.357 2614.074 743.466 2532.231 789.165
P2724 0.01168 2564.235 1355.39 2660.423 1313.724 2635.627 1256.481 2539.439 1298.146
P2724 0.01048 2741.072 804.336 2791.431 770.955 2751.533 710.764 2701.173 744.145
P2724 0.01024 1355.133 114.26 1365.902 27.424 1286.917 17.629 1276.149 104.465
P2724 0.01004 1022.602 604.93 1030.956 543.253 968.132 534.744 959.778 596.42
P2724 0.00974 1606.988 294.701 1646.043 235.752 1611.836 213.089 1572.781 272.038
P2724 0.00957 2550.634 1152.899 2612.846 1135.262 2582.767 1029.161 2520.555 1046.798
P2724 0.00943 3018.223 385.75 3033.028 320.518 2943.04 300.095 2928.236 365.327
P2724 0.00857 1028.775 673.053 1047.629 599.999 936.521 571.325 917.668 644.379
P2724 0.00843 2584.991 1361.274 2672.053 1322.949 2656.063 1286.624 2569.0 1324.95
P2724 0.00775 2967.071 2369.129 3023.219 2351.552 2987.419 2237.193 2931.271 2254.771
P2724 0.0071 2973.936 2393.052 3027.544 2378.742 3001.183 2279.992 2947.575 2294.302
P2724 0.00595 1677.384 333.316 1700.206 280.443 1651.306 259.337 1628.485 312.21
P2724 0.0052 1122.465 615.581 1134.245 539.616 1061.409 528.322 1049.629 604.287
P2724 0.00491 1010.047 638.651 1020.185 568.861 913.626 553.382 903.488 623.172
P2724 0.0049 1218.716 2391.912 1273.373 2333.286 1228.824 2291.754 1174.168 2350.38
P2724 0.00482 1191.533 103.611 1197.673 26.693 1128.302 21.155 1122.162 98.074
P2724 0.00462 2238.073 325.521 2278.925 271.586 2183.626 199.404 2142.774 253.339
P2724 0.00441 3647.49 1600.972 3712.117 1578.219 3676.112 1475.951 3611.485 1498.703
P2724 0.00434 2783.79 840.381 2833.778 803.596 2809.855 771.086 2759.867 807.87
P2724 0.00402 2073.213 2062.669 2133.079 2008.751 2091.327 1962.394 2031.462 2016.312
P2689 0.00391 4995.587 3138.411 5795.412 2674.767 5397.943 1989.1 4598.119 2452.745
P2168 0.88401 894.323 876.805 901.691 554.459 740.665 550.779 733.297 873.125
P2168 0.37719 599.393 748.063 602.88 514.65 417.208 511.877 413.721 745.289
P2168 0.02027 1804.573 983.781 1805.249 875.717 1748.372 875.361 1747.696 983.425
P2168 0.01456 936.013 884.519 989.5 880.123 983.154 802.917 929.667 807.313
P2168 0.01215 1003.403 898.51 1050.869 839.711 992.45 792.553 944.984 851.352
P2168 0.00934 1872.219 976.112 1872.253 864.566 1812.347 864.548 1812.313 976.094
P2168 0.00391 341.882 879.894 342.245 794.713 297.141 794.52 296.777 879.701
P2168 0.00334 2000.143 894.15 2002.495 754.015 1952.462 753.175 1950.11 893.31
P2168 0.00239 615.016 889.565 618.287 800.491 575.014 798.902 571.743 887.976
P2168 0.00224 509.373 890.419 509.703 728.136 454.545 728.024 454.215 890.307
P2168 0.00219 1030.653 985.641 1032.979 933.69 929.175 929.042 926.848 980.992
P2168 0.00184 1944.811 950.892 1944.229 857.052 1892.552 857.372 1893.134 951.213
P2168 0.00169 618.777 927.913 618.19 513.831 225.296 514.388 225.883 928.469
P2168 0.00163 610.387 1062.777 636.952 946.88 417.709 896.627 391.144 1012.524
P2168 0.00122 836.191 811.208 992.993 673.925 851.936 512.812 695.134 650.095
P2168 0.00109 582.416 409.944 579.534 257.481 427.181 260.361 430.062 412.823
P1065 0.00211 2646.942 508.105 2713.595 466.324 2659.651 380.27 2592.999 422.051
P2331 0.32041 1119.836 1218.537 1135.382 1146.578 1073.521 1133.213 1057.974 1205.172
P2331 0.20399 712.513 1563.087 714.169 1379.558 630.462 1378.802 628.806 1562.332
P2331 0.16384 1282.614 1214.646 1320.766 1185.765 1285.578 1139.28 1247.425 1168.16
P2331 0.06178 1206.001 1160.962 1252.187 1116.904 1208.022 1070.604 1161.836 1114.662
P2331 0.0464 1611.701 1659.512 1617.745 1585.533 1552.358 1580.19 1546.313 1654.169
P2331 0.04043 1587.314 1664.546 1590.925 1582.141 1512.67 1578.711 1509.058 1661.116
P2331 0.03368 807.522 1444.497 809.407 1379.501 770.319 1378.367 768.434 1443.364
P2331 0.0174 1175.518 1733.822 1178.65 1668.359 1137.842 1666.406 1134.711 1731.87
P2331 0.01471 788.988 1434.105 790.284 1371.913 750.148 1371.078 748.853 1433.269
P2331 0.01455 558.452 1769.248 559.094 1700.393 510.33 1699.939 509.688 1768.793
P2331 0.01225 1356.915 1677.002 1364.534 1612.777 1313.395 1606.71 1305.775 1670.935
P2331 0.01084 1374.468 1658.638 1379.809 1600.853 1336.026 1596.807 1330.685 1654.591
P2331 0.01057 800.53 1787.67 800.502 1721.882 770.284 1721.895 770.312 1787.683
P2331 0.00892 1246.326 1183.814 1274.245 1147.498 1248.962 1128.061 1221.043 1164.377
P2331 0.00879 1292.729 1438.962 1312.055 1394.587 1261.288 1372.477 1241.962 1416.852
P2331 0.00867 786.038 1504.659 787.185 1431.066 747.594 1430.449 746.447 1504.042
P2331 0.00773 274.781 1548.527 332.986 1485.115 277.275 1433.979 219.07 1497.391
P2331 0.00733 2165.417 833.408 2168.369 773.46 2080.858 769.15 2077.905 829.098
P2331 0.00677 1222.45 1491.032 1223.15 1431.62 1171.241 1431.009 1170.542 1490.421
P2331 0.00631 1144.994 1646.116 1151.126 1573.955 1105.011 1570.037 1098.879 1642.198
P2331 0.00575 1224.773 1130.566 1265.939 1095.814 1233.841 1057.792 1192.675 1092.544
P2331 0.00573 1029.914 1241.286 1053.812 1164.885 980.775 1142.04 956.878 1218.44
P2331 0.00564 1002.451 1223.19 1060.752 1181.174 1030.21 1138.795 971.909 1180.811
P2331 0.0056 1083.896 1276.743 1101.561 1225.843 1054.484 1209.505 1036.819 1260.405
P2331 0.00554 1495.829 1604.851 1497.072 1526.025 1440.094 1525.126 1438.851 1603.952
P2331 0.0054 1184.67 1816.274 1185.418 1759.66 1152.336 1759.224 1151.589 1815.837
P2331 0.00533 1202.866 1489.064 1204.655 1441.267 1151.168 1439.265 1149.379 1487.062
P2331 0.00504 1133.747 1479.762 1136.671 1434.84 1091.992 1431.932 1089.068 1476.853
P2331 0.00498 1122.818 1667.396 1129.775 1574.0 1070.787 1569.607 1063.831 1663.002
P2331 0.00478 1479.441 1733.133 1489.094 1658.338 1433.876 1651.212 1424.224 1726.007
P2331 0.00437 1593.114 1757.243 1596.557 1691.931 1538.788 1688.886 1535.346 1754.198
P2331 0.00431 1636.11 1694.883 1647.773 1640.234 1604.965 1631.098 1593.302 1685.747
P2331 0.00404 816.238 1785.215 815.177 1726.137 785.306 1726.673 786.367 1785.752
P2331 0.00402 302.731 1524.13 343.779 1466.215 285.979 1425.247 244.93 1483.162
P2331 0.004 1302.485 1663.21 1305.568 1610.537 1273.675 1608.671 1270.592 1661.344
P2331 0.00398 559.629 1791.442 559.655 1722.865 509.493 1722.845 509.467 1791.423
P2331 0.00391 727.089 1493.64 731.539 1369.653 669.428 1367.424 664.978 1491.411
P2331 0.00388 1175.561 1639.909 1179.041 1571.639 1141.054 1569.703 1137.574 1637.972
P2331 0.00387 814.704 1498.808 816.416 1435.83 785.808 1434.998 784.096 1497.976
P2331 0.00378 665.5 1520.752 665.555 1410.097 609.773 1410.069 609.717 1520.724
P2331 0.00372 1260.381 1667.717 1262.355 1606.739 1225.213 1605.537 1223.239 1666.515
P2331 0.00361 220.706 1775.976 237.254 1721.516 169.786 1701.016 153.239 1755.476
P2331 0.00352 1379.507 1672.335 1385.819 1615.467 1346.845 1611.141 1340.532 1668.009
P2331 0.00346 1288.479 1425.253 1295.401 1375.312 1239.55 1367.571 1232.628 1417.511
P2331 0.0032 1138.623 1748.167 1141.402 1667.173 1095.006 1665.582 1092.227 1746.575
P2331 0.0032 122.598 1239.244 125.356 1199.942 83.572 1197.009 80.814 1236.311
P2331 0.00316 1170.617 1229.832 1199.313 1190.489 1167.525 1167.303 1138.828 1206.646
P2331 0.00312 1333.68 1238.352 1368.956 1217.583 1343.309 1174.021 1308.032 1194.79
P2331 0.0031 763.221 1786.21 763.4 1728.44 733.817 1728.349 733.639 1786.119
P2331 0.00305 1197.97 1508.893 1200.74 1470.767 1159.984 1467.806 1157.214 1505.932
P2331 0.0029 724.371 1789.093 724.041 1732.758 697.431 1732.913 697.76 1789.248
P2331 0.00275 1147.613 1532.108 1152.469 1504.144 1101.393 1495.275 1096.537 1523.239
P2331 0.00274 1576.649 1759.132 1582.065 1685.469 1516.259 1680.631 1510.843 1754.294
P2331 0.00268 1208.313 1738.522 1209.964 1674.912 1177.862 1674.079 1176.211 1737.689
P2331 0.00267 1123.417 1699.867 1127.448 1593.324 1066.204 1591.007 1062.173 1697.55
P2331 0.00265 1239.662 1240.418 1266.082 1214.831 1238.001 1185.837 1211.582 1211.424
P2331 0.00253 1259.563 1730.484 1261.165 1674.034 1227.215 1673.071 1225.613 1729.521
P2331 0.00249 3259.75 712.489 3266.563 480.128 3150.883 476.735 3144.069 709.097
P2331 0.00242 1530.285 1599.331 1530.275 1532.043 1479.868 1532.051 1479.878 1599.338
P2331 0.0024 1123.514 1644.867 1134.165 1571.793 1092.383 1565.703 1081.732 1638.777
P2331 0.0024 1687.141 409.93 1687.868 326.929 1618.042 326.318 1617.315 409.318
P2331 0.00227 1603.978 1568.813 1614.044 1519.032 1561.36 1508.38 1551.295 1558.161
P2331 0.00224 1153.053 1814.805 1153.817 1757.896 1120.521 1757.449 1119.757 1814.359
P2331 0.00219 728.759 1525.272 732.482 1384.769 682.878 1383.454 679.155 1523.957
P2331 0.00214 1279.985 1589.731 1282.413 1524.029 1235.918 1522.311 1233.49 1588.012
P2331 0.00211 1429.648 1597.432 1433.22 1530.752 1385.224 1528.181 1381.653 1594.861
P2331 0.00209 1546.372 1565.293 1547.362 1513.374 1494.428 1512.365 1493.439 1564.284
P2331 0.00205 1698.387 619.089 1699.531 564.184 1664.738 563.459 1663.594 618.365
P2331 0.00205 1180.11 1611.034 1184.468 1558.505 1153.408 1555.929 1149.051 1608.458
P2331 0.00204 1223.057 1506.675 1224.483 1454.818 1176.572 1453.501 1175.147 1505.358
P2331 0.002 1252.135 1810.083 1252.534 1762.312 1227.885 1762.106 1227.485 1809.877
P2331 0.00195 706.254 1471.878 710.052 1360.205 649.693 1358.152 645.894 1469.825
P2331 0.00194 637.702 1778.657 640.781 1717.945 606.759 1716.22 603.68 1776.931
P2331 0.00194 461.27 1361.891 470.777 1303.432 407.521 1293.145 398.014 1351.604
P2331 0.00184 1614.0 1638.893 1619.776 1566.611 1551.994 1561.194 1546.217 1633.476
P2331 0.00183 1409.717 1187.54 1433.624 1152.156 1387.194 1120.784 1363.286 1156.169
P2331 0.00183 1071.98 1268.295 1089.531 1200.043 1045.501 1188.721 1027.95 1256.972
P2722 0.02309 933.057 2106.854 998.124 2046.813 969.531 2015.828 904.465 2075.868
P2722 0.02083 351.147 2269.522 375.599 2148.173 285.641 2130.047 261.19 2251.396
P2722 0.00793 2253.104 1256.429 2304.673 1194.794 2270.245 1165.989 2218.676 1227.624
P2722 0.00686 347.259 1747.656 374.731 1648.021 297.137 1626.627 269.666 1726.262
P2722 0.00576 913.76 2043.991 954.49 1995.148 909.425 1957.568 868.695 2006.411
P2722 0.00533 536.469 1437.602 556.19 1379.161 519.037 1366.623 499.316 1425.064
P2722 0.00477 1526.241 1137.188 1572.174 1094.549 1535.579 1055.127 1489.646 1097.767
P2722 0.00395 1121.61 2207.965 1188.449 2158.902 1146.128 2101.248 1079.289 2150.31
P2722 0.00394 702.841 1248.198 731.602 1191.257 666.185 1158.215 637.424 1215.155
P2722 0.00391 2250.486 1235.543 2295.754 1186.866 2261.887 1155.372 2216.62 1204.049
P2722 0.00379 2298.894 1293.574 2348.858 1237.405 2319.478 1211.271 2269.514 1267.44
P2722 0.00377 173.871 2151.977 198.619 2067.49 142.201 2050.965 117.454 2135.451
P2722 0.00334 1950.363 1436.884 1971.132 1400.875 1927.857 1375.916 1907.088 1411.924
P2722 0.00318 535.212 1398.069 556.25 1338.654 506.2 1320.932 485.162 1380.348
P2722 0.00306 940.451 2242.692 969.922 2185.934 927.94 2164.136 898.47 2220.895
P2722 0.00305 1044.618 2307.637 1086.142 2241.108 1023.807 2202.203 982.284 2268.731
P2722 0.00301 1523.381 2134.71 1561.34 2092.212 1508.382 2044.911 1470.423 2087.409
P2722 0.00296 751.084 1235.506 778.176 1188.593 721.774 1156.022 694.682 1202.935
P2563 0.91239 342.135 805.583 842.639 700.225 776.779 387.359 276.276 492.717
P2563 0.90881 1378.789 467.966 1810.88 351.325 1730.754 54.504 1298.663 171.145
P2563 0.00194 982.765 1208.629 979.911 1110.79 342.914 1129.371 345.768 1227.21
P0604 0.00315 4.594 128.736 166.061 102.487 147.735 -10.247 -13.733 16.002
P2781 0.67175 3010.566 1390.179 3444.43 1078.832 2945.712 383.865 2511.847 695.212
P2678 0.00725 2931.26 236.02 3005.215 28.228 2770.594 -55.275 2696.639 152.516
P0457 0.00169 725.005 588.746 1079.88 215.697 677.805 -166.788 322.931 206.261
P0491 0.68216 106.597 583.981 271.53 370.859 58.046 205.645 -106.887 418.767
P0491 0.49311 447.0 599.268 670.536 300.867 483.265 160.58 259.729 458.981
P0491 0.10356 485.296 573.026 587.837 362.755 367.451 255.282 264.911 465.553
P0491 0.07694 110.408 584.675 264.181 384.375 154.832 300.427 1.06 500.727
P0491 0.00156 37.804 414.584 164.519 268.606 20.677 143.745 -106.038 289.723
P0491 0.00154 910.896 1082.933 1410.791 913.554 1317.172 637.25 817.276 806.63
P0491 0.00138 1850.974 1654.693 1953.061 1304.611 1609.841 1204.526 1507.755 1554.608
P0491 0.00109 206.48 298.183 250.118 242.799 146.518 161.172 102.88 216.557
P0060 0.03311 462.605 234.022 474.589 46.252 369.964 39.575 357.98 227.344
P2547 0.0753 812.64 2039.183 966.565 2014.586 952.661 1927.575 798.736 1952.171
P2547 0.0195 904.47 1937.143 949.724 1846.61 856.242 1799.882 810.988 1890.415
P2547 0.00598 2702.695 2364.848 2720.15 2286.734 2665.363 2274.491 2647.908 2352.605
P2547 0.00215 733.671 1270.354 758.322 1229.345 703.534 1196.41 678.882 1237.418
P2547 0.00208 771.396 1270.011 799.186 1219.589 740.691 1187.349 712.9 1237.77
P2547 0.00134 3211.406 1582.778 3213.761 1532.124 3158.88 1529.572 3156.524 1580.225
P2547 0.00102 646.423 1311.682 657.851 1267.606 612.428 1255.83 601.001 1299.906
P1903 0.94369 882.292 509.731 895.126 276.686 423.332 250.704 410.498 483.749
P1903 0.92244 1376.503 527.718 1396.224 317.509 1088.599 288.648 1068.878 498.858
P1903 0.13751 1122.76 1194.051 1166.682 860.176 954.18 832.221 910.258 1166.095
P1903 0.04051 247.696 337.802 267.99 113.226 61.429 94.56 41.136 319.136
P1903 0.03384 1087.424 1264.622 1095.996 1189.817 911.783 1168.707 903.211 1243.512
P1903 0.02912 1288.888 1180.941 1291.778 1136.345 1250.593 1133.676 1247.703 1178.272
P2166 0.85981 560.819 770.41 552.003 303.259 12.62 313.439 21.437 780.59
P2166 0.73544 870.11 743.9 1013.26 604.576 689.894 272.331 546.744 411.656
P2166 0.11773 300.905 295.17 300.229 186.619 212.864 187.163 213.54 295.714
P2166 0.00902 429.408 296.27 428.962 191.777 365.012 192.05 365.458 296.543
P2166 0.00738 363.668 286.77 362.695 188.582 299.318 189.21 300.291 287.398
P2166 0.00628 910.169 861.259 1155.895 631.391 692.111 135.611 446.384 365.48
P2166 0.0026 401.241 298.708 401.003 183.899 272.997 184.164 273.235 298.973
P0146 0.87078 2322.166 857.192 2384.882 615.752 1961.738 505.837 1899.022 747.276
P0146 0.59753 1212.351 697.154 1305.137 344.596 1094.597 289.186 1001.811 641.744
P0146 0.13095 2213.841 1253.35 2284.415 887.34 1894.204 812.099 1823.63 1178.109
P0146 0.03596 1153.856 695.639 1195.756 497.72 899.466 434.996 857.566 632.915
P0146 0.03349 1591.858 178.825 1596.843 44.554 1309.652 33.892 1304.668 168.163
P0146 0.0313 733.462 625.556 751.927 542.221 664.398 522.828 645.934 606.162
P0146 0.03002 1025.087 662.254 1065.026 476.586 898.186 440.697 858.247 626.365
P0146 0.00743 1439.025 750.525 1525.599 422.795 1306.233 364.846 1219.659 692.577
P0833 0.00624 1467.771 465.114 1660.09 438.712 1610.999 81.12 1418.68 107.522
P0833 0.00126 1615.081 555.693 1695.041 381.164 1466.861 276.624 1386.901 451.153
P2502 0.33356 596.813 582.31 706.747 551.335 652.24 357.882 542.306 388.857
P2502 0.29599 264.092 279.452 317.015 188.795 264.319 158.033 211.397 248.69
P2502 0.18451 192.764 227.677 242.202 152.678 197.899 123.475 148.462 198.474
P2502 0.16714 300.152 567.722 387.812 431.343 316.597 385.568 228.937 521.947
P2502 0.1473 97.989 431.54 160.268 285.408 58.884 242.2 -3.395 388.333
P2502 0.06434 698.58 1896.997 705.472 1828.969 588.4 1817.108 581.508 1885.136
P2502 0.0349 730.698 2033.732 739.908 1956.632 691.918 1950.9 682.708 2027.999
P2502 0.0349 574.481 1848.753 585.336 1751.177 416.89 1732.438 406.035 1830.013
P2502 0.02029 447.367 662.353 493.11 586.305 452.035 561.599 406.293 637.647
P2502 0.00911 386.171 68.156 390.038 -61.21 157.732 -68.156 153.864 61.21
P2502 0.00908 664.813 110.512 704.694 26.046 659.796 4.847 619.915 89.312
P2502 0.00845 633.481 88.191 663.208 -2.333 610.826 -19.533 581.1 70.99
P2502 0.00696 534.414 171.937 588.533 86.956 422.306 -18.905 368.187 66.075
P2502 0.00632 663.974 55.907 662.46 -58.453 470.152 -55.907 471.666 58.453
P2502 0.00468 651.338 320.003 684.548 290.001 654.202 256.411 620.993 286.413
P2502 0.00456 533.039 697.74 578.755 630.596 550.826 611.58 505.109 678.724
P2502 0.0045 714.919 1902.391 722.35 1839.873 623.468 1828.121 616.038 1890.639
P2502 0.00445 728.389 2055.65 736.601 1985.086 691.958 1979.891 683.746 2050.454
P2502 0.00444 673.214 69.052 686.53 -48.647 541.763 -65.026 528.447 52.674
P2502 0.00409 366.629 594.899 412.264 515.258 355.787 482.896 310.152 562.537
P2502 0.00293 333.59 604.018 430.78 472.962 377.698 433.597 280.508 564.652
P2502 0.00272 2170.372 2163.28 2215.193 2116.009 2157.092 2060.919 2112.271 2108.19
P2502 0.00269 473.093 685.155 519.067 625.601 494.645 606.747 448.67 666.301
P2502 0.00258 897.411 336.568 927.875 321.474 897.692 260.559 867.228 275.654
P2502 0.00242 892.079 374.162 1038.479 283.37 929.592 107.794 783.192 198.586
P2502 0.00212 311.941 305.218 358.49 228.419 331.293 211.935 284.745 288.734
P2502 0.00201 623.684 329.531 663.619 293.854 638.175 265.373 598.24 301.049
P2502 0.00172 484.123 771.271 506.165 740.99 480.72 722.468 458.678 752.749
P2502 0.00161 724.412 52.562 728.68 -45.114 558.205 -52.562 553.937 45.114
P2502 0.0016 277.88 456.85 308.846 400.828 261.103 374.438 230.137 430.461
P2502 0.00153 662.742 1938.15 667.088 1907.99 595.861 1897.725 591.514 1927.885
P2592 0.96178 1590.538 930.153 2041.078 729.906 1927.132 473.539 1476.593 673.786
P2592 0.95026 920.53 874.835 1211.833 715.793 975.554 283.022 684.251 442.063
P2592 0.00574 1323.119 730.562 1546.384 605.209 1448.717 431.254 1225.452 556.607
P2592 0.00566 1674.891 529.483 1784.344 459.197 1723.954 365.156 1614.502 435.442
P0815 0.00481 56.516 275.699 53.908 30.545 -30.964 31.448 -28.357 276.602
P0815 0.00153 564.785 245.465 563.531 -6.599 300.076 -5.289 301.329 246.775
P0815 0.00115 884.455 160.482 886.281 -9.991 671.939 -12.287 670.113 158.187
P2587 0.82998 1917.34 1250.265 2419.533 640.034 2022.601 313.377 1520.408 923.608
P2587 0.29492 692.973 1455.696 839.74 975.491 625.114 909.894 478.348 1390.099
P2587 0.19133 872.614 1517.456 1030.041 1051.656 816.001 979.316 658.574 1445.116
P2587 0.05399 1133.1 1592.459 1275.507 1097.792 742.148 944.247 599.742 1438.913
P2587 0.05143 825.899 1495.286 988.845 1004.294 636.061 887.216 473.116 1378.208
P2587 0.04064 1949.223 1191.804 2118.434 1005.842 1767.178 686.226 1597.967 872.188
P2587 0.0086 623.169 1187.974 636.975 1139.934 598.101 1128.762 584.295 1176.802
P2587 0.00801 1824.654 1336.321 1984.873 1164.644 1638.64 841.52 1478.422 1013.197
P2587 0.00495 1334.332 831.626 1368.532 738.351 1214.65 681.928 1180.449 775.203
P1456 0.91942 3079.219 1757.885 3104.914 1053.082 2562.707 1033.315 2537.012 1738.118
P1456 0.46422 565.591 1566.29 1088.886 1403.335 884.309 746.38 361.013 909.335
P0526 0.00613 83.604 1257.839 92.067 1035.706 -2.841 1032.09 -11.305 1254.223
P0526 0.0054 85.761 1404.366 83.048 993.273 -29.071 994.013 -26.358 1405.106
P0526 0.00397 1017.272 1739.196 1488.223 1487.859 1124.595 806.502 653.644 1057.839
P0526 0.00209 445.903 1571.158 412.759 961.246 268.831 969.068 301.975 1578.979
P0526 0.00133 149.477 704.831 148.68 636.15 102.895 636.681 103.692 705.362
P0526 0.00102 1548.24 1447.661 1992.633 1166.708 1560.081 482.526 1115.688 763.478
P0143 0.87385 374.905 407.504 424.832 405.782 421.516 309.647 371.59 311.369
P0143 0.00478 335.215 366.888 335.904 338.261 323.184 337.955 322.494 366.582
P0143 0.00239 35.205 17.966 35.44 1.516 23.153 1.34 22.917 17.79
P2404 0.0466 2827.3 2687.84 2850.021 2560.077 2724.914 2537.828 2702.192 2665.591
P2404 0.01064 1300.867 1420.22 1374.516 1317.778 1322.023 1280.039 1248.374 1382.482
P2404 0.00922 4379.113 3639.369 4478.004 3474.24 4405.438 3430.782 4306.547 3595.911
P2404 0.00844 3933.013 3483.138 4025.341 3366.731 3839.291 3219.165 3746.963 3335.572
P2404 0.00767 1275.901 1390.977 1350.819 1301.285 1296.364 1255.799 1221.446 1345.491
P2404 0.00744 2849.196 2535.663 2872.906 2432.609 2771.766 2409.339 2748.056 2512.394
P2404 0.00658 3837.146 3667.312 3938.674 3547.412 3723.282 3365.025 3621.754 3484.926
P2404 0.00522 2754.304 2397.011 2832.095 2327.189 2727.164 2210.283 2649.373 2280.104
P2404 0.0049 4777.452 3500.784 4806.328 3429.824 4729.167 3398.424 4700.292 3469.384
P2404 0.00482 2021.596 1351.127 2033.886 1178.902 1796.875 1161.988 1784.585 1334.214
P2404 0.00343 4353.421 3679.354 4449.5 3523.521 4386.437 3484.639 4290.359 3640.472
P2404 0.00247 2246.76 3399.869 2273.868 3299.922 2215.183 3284.005 2188.075 3383.952
P2404 0.0023 3920.446 3428.28 4008.229 3325.015 3828.109 3171.9 3740.326 3275.166
P2404 0.00229 2822.781 2824.913 2852.125 2739.356 2769.122 2710.889 2739.778 2796.446
P2404 0.00166 2623.322 2748.383 2649.678 2639.417 2547.316 2614.658 2520.96 2723.625
P2404 0.00154 5028.302 3637.285 5054.354 3553.622 4961.608 3524.743 4935.556 3608.406
P2404 0.00152 4908.272 3692.555 4944.125 3603.168 4827.656 3556.451 4791.802 3645.839
P2404 0.00147 4471.696 3748.868 4586.863 3553.334 4513.98 3510.407 4398.813 3705.942
P2197 0.94465 896.565 606.914 902.169 264.837 724.177 261.921 718.573 603.998
P2197 0.94223 1626.23 1446.925 1646.037 1066.571 1450.762 1056.401 1430.955 1436.756
P2197 0.93299 842.177 1222.402 852.557 870.872 672.292 865.549 661.912 1217.079
P2197 0.51053 2063.706 1173.745 2069.237 1017.133 1841.279 1009.083 1835.749 1165.695
P2197 0.00678 2224.469 1459.735 2232.161 1379.889 2174.903 1374.372 2167.21 1454.218
P2197 0.00411 2222.524 1423.416 2230.061 1338.504 2170.859 1333.248 2163.322 1418.16
P2197 0.00346 568.067 1287.652 579.316 805.804 394.521 801.489 383.272 1283.338
P2197 0.00178 1919.684 1243.434 1921.943 1202.301 1827.988 1197.142 1825.729 1238.275
P2197 0.00155 535.296 1139.056 547.793 940.31 438.348 933.428 425.851 1132.174
P2197 0.00132 2219.219 1527.03 2224.898 1480.672 2183.02 1475.542 2177.34 1521.899
P0027 0.00973 2186.121 1781.304 2224.889 1756.247 2193.882 1708.273 2155.114 1733.33
P1950 0.01595 99.174 605.82 155.33 501.565 19.064 428.167 -37.092 532.421
P1230 0.11113 4167.221 2545.892 4320.07 2493.516 4286.297 2394.953 4133.447 2447.329
P1230 0.05895 2168.074 825.787 2241.102 795.639 2173.405 631.66 2100.377 661.808
P1230 0.04293 2675.258 813.106 2765.233 795.326 2742.794 681.776 2652.819 699.557
P1230 0.02341 4183.381 2840.165 4190.188 2719.943 4021.531 2710.394 4014.724 2830.616
P1230 0.02232 281.939 435.193 352.759 392.031 273.956 262.73 203.135 305.892
P1230 0.01477 3697.632 2405.687 3947.02 2302.631 3895.348 2177.59 3645.96 2280.646
P1230 0.01444 4129.047 2412.852 4268.833 2379.546 4252.493 2310.966 4112.708 2344.272
P1230 0.01412 4289.325 3056.365 4405.982 3016.557 4386.978 2960.866 4270.321 3000.674
P1230 0.01325 2138.504 837.815 2210.449 805.477 2133.392 634.036 2061.447 666.373
P1230 0.00961 1959.931 620.795 2125.883 573.636 2081.342 416.9 1915.39 464.059
P1230 0.00883 256.838 446.863 335.574 398.634 256.265 269.158 177.529 317.388
P1230 0.00858 2769.529 665.359 2862.575 647.693 2835.234 503.687 2742.188 521.352
P1230 0.00794 2799.808 812.748 2883.877 801.285 2863.275 650.184 2779.206 661.647
P1230 0.00774 4314.317 3251.242 4373.225 3236.557 4347.3 3132.562 4288.392 3147.247
P1230 0.00442 699.058 876.5 783.534 837.698 704.157 664.882 619.681 703.683
P1230 0.00433 3801.104 2363.208 3939.05 2301.165 3865.655 2137.976 3727.709 2200.019
P1230 0.00324 224.793 461.095 297.876 416.629 216.414 282.738 143.33 327.204
P1230 0.00277 4401.544 1204.859 4462.519 1114.084 4395.982 1069.391 4335.007 1160.166
P1888 0.00142 572.995 581.988 614.249 574.578 600.292 496.872 559.038 504.282
P1888 0.00107 645.489 561.447 645.043 518.168 557.481 519.071 557.927 562.35
P1506 0.71946 446.517 944.718 745.986 841.295 576.906 351.714 277.437 455.137
P1506 0.47544 1972.862 1508.053 2499.252 1186.237 2204.698 704.439 1678.308 1026.255
P1506 0.44744 1637.683 1682.708 2486.403 1193.553 2128.679 572.876 1279.959 1062.031
P1506 0.06729 2043.593 935.083 2224.81 836.247 2116.207 637.122 1934.99 735.958
P1506 0.0482 2026.438 1260.066 2406.247 1014.608 2125.265 579.83 1745.456 825.288
P1506 0.02179 778.864 569.216 868.633 550.372 838.584 407.223 748.815 426.067
P1506 0.01391 1947.212 976.608 2072.629 902.272 1967.18 724.365 1841.763 798.701
P1506 0.01282 896.308 569.321 1003.827 549.476 975.149 394.101 867.63 413.946
P1506 0.00453 1924.951 976.709 2022.018 919.178 1918.798 745.025 1821.731 802.556
P1506 0.00362 1204.996 1640.549 1213.681 1328.795 892.336 1319.844 883.652 1631.597
P1506 0.00329 883.992 2009.656 1171.251 1715.543 697.792 1253.117 410.533 1547.23
P1506 0.00155 712.207 600.924 771.217 583.925 729.731 439.909 670.72 456.908
P1506 0.00151 2233.83 1188.284 2394.053 1002.254 2204.145 838.69 2043.922 1024.72
P1506 0.00144 2070.228 1046.994 2292.466 940.487 2222.073 793.605 1999.835 900.112
P1506 0.00138 785.66 1936.223 1076.624 1697.96 864.496 1438.912 573.532 1677.175
P1506 0.00133 2105.464 1120.651 2327.385 981.193 2216.589 804.883 1994.668 944.34
P2570 0.93736 1399.084 933.472 1700.455 900.255 1649.454 437.537 1348.084 470.754
P2570 0.91307 100.363 766.429 415.203 744.604 380.173 239.28 65.333 261.105
P2570 0.87912 524.907 408.667 1001.734 382.495 985.258 82.315 508.431 108.487
P2570 0.86332 662.688 1172.885 1136.001 1132.214 1108.779 815.414 635.465 856.085
P2570 0.69245 501.959 794.312 1033.604 753.616 1010.371 450.102 478.726 490.798
P2570 0.58795 1048.43 791.854 1294.338 769.657 1265.671 452.068 1019.763 474.264
P2570 0.56094 1197.759 1072.416 1307.192 1063.339 1293.494 898.203 1184.061 907.28
P1463 0.94705 1499.269 2013.322 1858.687 1319.679 1367.196 1065.008 1007.778 1758.651
P1463 0.901 2566.988 2443.524 2878.21 1828.358 2492.691 1633.318 2181.468 2248.483
P1463 0.00121 2933.548 2838.321 2999.332 2700.984 2929.207 2667.394 2863.422 2804.731
P0131 0.6333 390.865 851.537 610.541 844.32 598.417 475.278 378.741 482.495
P0131 0.28275 895.041 264.461 1001.901 256.045 990.788 114.941 883.929 123.356
P0131 0.05726 974.438 379.519 979.677 272.845 909.604 269.403 904.365 376.077
P0131 0.03224 912.986 369.524 917.729 266.433 856.101 263.598 851.358 366.688
P1440 0.91037 1410.006 1089.189 1727.92 489.839 1445.211 339.882 1127.297 939.232
P0770 0.93875 1234.012 1177.972 1325.28 1006.426 964.567 814.515 873.299 986.062
P0770 0.02218 594.439 677.434 630.735 582.279 551.651 552.113 515.355 647.269
P0770 0.00315 1311.265 630.876 1371.497 510.138 1132.036 390.679 1071.804 511.418
P2577 0.0162 572.229 1113.135 938.86 764.745 778.058 595.524 411.427 943.915
P2577 0.01177 954.992 832.396 1029.031 775.685 912.819 623.964 838.78 680.676
P0117 0.25426 1057.567 767.781 1210.369 639.399 1110.715 520.789 957.913 649.172
P0117 0.00211 738.738 206.186 774.568 88.36 606.928 37.381 571.098 155.207
P0117 0.00125 647.549 729.695 654.174 623.517 549.191 616.966 542.565 723.145
P2598 0.97702 1976.356 1521.006 2011.035 558.29 1409.925 536.637 1375.246 1499.353
P2598 0.79271 1224.098 832.182 1251.448 380.147 649.979 343.755 622.629 795.791
P2598 0.00847 715.292 977.004 717.626 875.4 565.487 871.905 563.153 973.509
P2097 0.24087 22.876 322.703 175.377 217.076 82.811 83.433 -69.69 189.061
P1473 0.00101 132.036 976.118 307.867 935.999 223.6 566.671 47.769 606.789
P0374 0.00148 1136.727 543.054 1263.047 494.429 1228.318 404.208 1101.998 452.832
P2378 0.00185 579.262 929.611 599.235 858.743 453.791 817.753 433.819 888.621
P0352 0.00493 1195.804 977.306 1243.035 627.524 898.479 581.0 851.248 930.781
P1219 0.01572 885.959 2505.092 940.476 2409.481 889.558 2380.448 835.041 2476.059
P1219 0.00235 572.958 2421.093 614.854 2342.707 576.605 2322.264 534.709 2400.65
P1219 0.00196 605.987 2321.795 621.967 2268.82 559.554 2249.993 543.574 2302.967
P1219 0.00178 382.338 2475.33 400.682 2413.508 358.023 2400.851 339.68 2462.673
P1219 0.00148 510.989 2393.97 550.761 2319.363 504.971 2294.953 465.2 2369.56
P1219 0.00138 983.165 2374.25 994.437 2305.563 949.66 2298.215 938.388 2366.902
P1219 0.00135 541.587 2420.065 586.622 2335.542 544.832 2313.276 499.797 2397.799
P1268 0.00411 1127.809 3339.049 1164.136 3191.281 1100.726 3175.693 1064.399 3323.461
P1268 0.00314 223.839 2766.298 242.498 2713.508 163.118 2685.449 144.458 2738.24
P1269 0.00897 1956.97 2977.272 1987.219 2924.246 1915.311 2883.226 1885.062 2936.252
P1269 0.00191 187.285 2625.176 221.744 2565.022 125.797 2510.059 91.338 2570.212
P1269 0.0016 1779.777 1826.425 1818.562 1764.731 1698.545 1689.282 1659.76 1750.975
P2413 0.17403 1238.96 894.047 1262.954 578.852 1092.862 565.904 1068.868 881.099
P2374 0.0058 1707.285 795.943 1714.123 735.063 1604.685 722.771 1597.847 783.651
P2733 0.02916 459.915 945.735 610.824 873.672 569.029 786.147 418.119 858.211
P2733 0.00462 253.152 1551.967 332.078 1521.111 313.532 1473.671 234.606 1504.527
P1650 0.14232 1610.176 1826.65 1631.26 1674.507 1555.371 1663.99 1534.287 1816.133
P1650 0.01301 3217.855 2542.151 3225.997 2384.592 3141.691 2380.235 3133.549 2537.794
P1650 0.01049 3111.939 2546.643 3121.003 2398.277 3043.948 2393.569 3034.884 2541.935
P1650 0.00994 2868.657 3852.823 2965.396 3813.406 2939.989 3751.052 2843.25 3790.469
P1650 0.00671 1724.117 1483.111 1729.103 1419.524 1662.181 1414.276 1657.195 1477.864
P1577 0.01277 1643.863 1239.553 1765.363 1208.955 1696.352 934.931 1574.853 965.53
P1577 0.00585 1465.836 1288.766 1492.441 1186.261 1401.738 1162.719 1375.133 1265.225
P1577 0.00291 1541.154 1283.052 1635.773 1233.001 1567.795 1104.492 1473.176 1154.543
P1577 0.00241 1255.794 727.212 1321.631 641.514 1263.786 597.075 1197.949 682.773
P1577 0.0023 1448.035 417.366 1508.275 361.756 1466.103 316.073 1405.863 371.683
P1581 0.01153 24.907 3039.761 176.292 3010.891 133.296 2785.44 -18.089 2814.311
P1581 0.00383 467.729 3624.914 572.587 3564.587 486.639 3415.197 381.782 3475.523
P1581 0.00283 231.535 848.996 293.091 833.699 272.011 748.871 210.456 764.167
P1581 0.00198 84.215 990.794 186.986 971.323 155.764 806.537 52.994 826.009
P1581 0.00184 91.361 3020.089 198.205 2998.613 151.285 2765.187 44.442 2786.663
P1581 0.00113 114.452 3044.795 186.957 3028.337 175.332 2977.125 102.827 2993.584
P1742 0.02995 1565.805 790.318 1627.616 746.81 1577.259 675.268 1515.448 718.776
P1742 0.02516 1580.364 1026.311 1601.145 920.65 1512.453 903.207 1491.672 1008.867
P1742 0.02259 300.797 2391.742 460.68 2327.022 427.844 2245.906 267.961 2310.627
P1742 0.01056 1519.291 680.287 1576.191 645.225 1545.147 594.845 1488.247 629.907
P1742 0.00908 1600.94 910.999 1661.646 830.966 1592.082 778.201 1531.376 858.234
P1742 0.00477 1727.099 944.913 1743.725 852.637 1664.638 838.388 1648.013 930.664
P1742 0.00474 2594.812 2748.055 2645.601 2652.459 2540.376 2596.556 2489.588 2692.151
P1742 0.00359 1679.084 733.107 1730.529 711.896 1700.15 638.213 1648.705 659.424
P1742 0.00308 2664.418 1744.298 2734.746 1693.988 2706.602 1654.645 2636.274 1704.955
P1742 0.00294 2749.293 1602.923 2812.528 1571.409 2775.081 1496.268 2711.846 1527.782
P1742 0.00231 1670.472 1073.086 1692.308 986.671 1617.214 967.695 1595.377 1054.11
P1742 0.00229 2736.455 1630.984 2812.659 1589.388 2761.267 1495.239 2685.063 1536.835
P1742 0.00229 2329.614 2944.13 2444.576 2906.53 2381.424 2713.441 2266.462 2751.041
P1742 0.00225 1688.952 1058.606 1713.515 986.495 1648.023 964.187 1623.46 1036.298
P1742 0.00224 2654.783 1658.789 2751.32 1610.219 2715.759 1539.539 2619.222 1588.11
P1732 0.0141 3747.676 1337.631 3843.644 1304.843 3791.173 1151.266 3695.206 1184.053
P1732 0.0126 147.221 2016.349 207.515 1947.878 93.002 1847.041 32.708 1915.511
P1732 0.00794 1758.048 1702.861 1797.198 1628.728 1750.303 1603.961 1711.152 1678.094
P1732 0.00777 4005.361 1544.717 4066.482 1528.594 4042.865 1439.066 3981.743 1455.19
P1732 0.00742 3601.278 3826.769 3641.812 3788.668 3602.003 3746.316 3561.469 3784.417
P1732 0.00589 3899.717 1296.156 3919.097 1147.299 3822.374 1134.707 3802.994 1283.564
P1732 0.00492 3945.761 1939.278 3989.552 1853.589 3912.087 1814.0 3868.296 1899.689
P1732 0.00468 3529.423 3818.089 3589.97 3702.037 3411.636 3608.995 3351.089 3725.048
P1732 0.00431 4038.367 2460.151 4099.515 2352.446 4032.046 2314.142 3970.898 2421.846
P1732 0.00407 1374.781 834.82 1388.783 661.684 1307.422 655.103 1293.419 828.24
P1732 0.00405 3631.001 3931.992 3681.592 3890.445 3606.702 3799.251 3556.11 3840.798
P1732 0.00393 3659.551 3786.865 3703.78 3749.047 3660.617 3698.567 3616.388 3736.385
P1732 0.00388 1212.935 1104.918 1242.032 1066.329 1189.306 1026.572 1160.209 1065.161
P1732 0.00384 3236.359 2550.255 3273.75 2481.995 3225.826 2455.744 3188.435 2524.003
P1732 0.00383 1253.226 1868.176 1293.01 1807.58 1243.838 1775.296 1204.054 1835.893
P1732 0.00365 216.842 1934.177 261.791 1883.33 189.212 1819.168 144.262 1870.015
P1732 0.00326 4009.724 1573.033 4064.413 1557.33 4035.594 1456.957 3980.905 1472.659
P1732 0.00325 3007.594 543.628 3061.805 439.722 2970.053 391.853 2915.843 495.759
P1732 0.00315 1107.721 752.575 1139.208 671.601 1078.834 648.124 1047.347 729.099
P1732 0.00277 242.494 1894.102 271.261 1859.025 220.992 1817.799 192.225 1852.876
P1732 0.00252 1266.818 1026.681 1291.307 995.749 1237.267 952.964 1212.778 983.896
P2351 0.03294 656.087 544.571 670.104 452.334 622.163 445.049 608.146 537.285
P0179 0.06676 1607.01 4575.607 1642.842 3951.535 1022.076 3915.892 986.243 4539.964
P0179 0.04668 1219.677 4440.733 1204.032 3927.286 81.274 3961.497 96.919 4474.944
P0791 0.01116 405.541 934.593 436.466 607.763 101.744 576.092 70.819 902.921
P1384 0.26365 1587.638 432.747 1615.918 249.071 1515.872 233.667 1487.592 417.343
P1384 0.08222 2933.812 5594.903 2934.508 5456.74 2807.52 5456.1 2806.824 5594.263
P1384 0.0634 3009.903 5589.338 3013.029 5462.298 2926.055 5460.159 2922.93 5587.199
P1384 0.04848 2883.15 5499.295 2885.001 5397.51 2785.196 5395.695 2783.344 5497.48
P1384 0.04469 3743.457 4720.369 3746.283 4583.936 3650.345 4581.949 3647.519 4718.381
P1384 0.03779 1752.682 209.471 1762.679 81.409 1683.674 75.242 1673.678 203.304
P1384 0.03667 4533.956 1373.965 4554.071 1232.542 4483.709 1222.534 4463.594 1363.957
P1384 0.03578 1532.591 186.863 1537.437 82.913 1472.435 79.883 1467.589 183.833
P1384 0.03364 1281.564 3136.929 1386.28 2615.896 1150.448 2568.5 1045.732 3089.532
P1384 0.03364 4218.053 1430.843 4235.577 1328.162 4064.536 1298.97 4047.012 1401.651
P1384 0.03305 5171.362 2966.423 5239.355 2581.805 5054.758 2549.171 4986.765 2933.79
P1384 0.02444 4232.821 1292.035 4260.154 1028.373 4094.963 1011.248 4067.63 1274.911
P1384 0.02436 1118.757 3650.09 1134.051 3550.605 1031.969 3534.912 1016.675 3634.397
P1384 0.02375 1662.655 206.847 1672.013 90.145 1605.824 84.837 1596.465 201.539
P1384 0.02045 5318.68 2218.894 5371.751 1765.152 5157.751 1740.122 5104.68 2193.864
P1384 0.0159 4297.821 931.038 4330.748 790.062 4156.178 749.29 4123.251 890.266
P1384 0.01404 4262.788 1288.665 4294.066 1048.377 4142.473 1028.645 4111.195 1268.932
P1384 0.00973 1268.542 710.461 1304.573 479.869 1184.086 461.043 1148.055 691.635
P1384 0.00927 4468.82 1347.648 4492.683 1210.5 4430.502 1199.681 4406.64 1336.829
P1384 0.0088 5053.579 3286.365 5078.989 3089.219 4969.794 3075.144 4944.384 3272.29
P1384 0.00835 991.923 3635.032 1003.144 3561.246 941.36 3551.85 930.139 3625.636
P1384 0.00821 1159.586 3691.356 1178.008 3590.296 1072.212 3571.01 1053.789 3672.071
P1384 0.00759 1136.695 3694.822 1154.259 3585.576 1034.208 3566.274 1016.643 3675.521
P1384 0.00693 5419.707 267.228 5423.241 162.033 5356.524 159.791 5352.99 264.986
P0932 0.00301 430.588 721.716 498.517 658.376 424.543 579.041 356.613 642.381
P1179 0.82853 4999.281 2972.519 5582.61 2724.322 5452.853 2419.357 4869.523 2667.554
P1179 0.46761 3091.659 2553.197 3543.512 2345.722 3443.418 2127.732 2991.566 2335.206
P1179 0.2419 3134.51 2688.053 3585.707 2487.088 3481.147 2252.337 3029.951 2453.302
P1179 0.01098 3398.677 2586.371 3582.044 2492.929 3535.401 2401.399 3352.034 2494.84
P1179 0.00965 5141.555 2637.442 5333.485 2543.276 5275.452 2424.993 5083.521 2519.159
P2541 0.06435 2066.282 1490.777 2069.515 1396.425 1932.731 1391.739 1929.498 1486.09
P2541 0.05201 1876.836 1523.103 1879.289 1427.142 1828.311 1425.839 1825.858 1521.8
P2541 0.03935 2363.218 1822.236 2363.871 1738.167 2252.435 1737.301 2251.781 1821.37
P2541 0.03671 2152.514 1488.029 2158.191 1401.541 2079.232 1396.358 2073.555 1482.847
P2541 0.00703 186.627 2386.667 209.514 2311.765 166.25 2298.545 143.363 2373.447
P2541 0.00603 1270.365 2265.052 1273.465 2207.391 1229.178 2205.01 1226.078 2262.672
P2541 0.00476 2277.477 1388.136 2280.135 1331.11 2200.338 1327.391 2197.681 1384.418
P2541 0.00366 2166.703 1384.722 2172.137 1313.595 2061.517 1305.144 2056.083 1376.271
P2541 0.00179 2316.382 1050.454 2315.518 985.1 2254.067 985.912 2254.931 1051.266
P2337 0.84632 1875.967 418.634 1947.838 413.532 1940.674 312.619 1868.803 317.722
P2337 0.01315 1347.658 509.603 1384.755 479.82 1333.976 416.572 1296.88 446.354
P2337 0.00657 1865.59 413.619 1912.867 394.84 1882.134 317.466 1834.858 336.245
P2337 0.00396 1461.034 451.561 1500.885 421.881 1478.076 391.255 1438.225 420.935
P2337 0.00364 1392.269 487.845 1425.532 462.161 1375.391 397.225 1342.128 422.909
P2337 0.00339 1399.104 480.929 1432.849 456.905 1393.596 401.77 1359.851 425.794
P2337 0.00323 1458.861 544.842 1549.26 482.116 1511.26 427.351 1420.861 490.077
P2337 0.00242 1672.835 506.012 1678.625 445.193 1621.317 439.738 1615.527 500.556
P2337 0.00209 1426.808 556.297 1528.745 482.431 1490.911 430.219 1388.974 504.085
P2337 0.00176 1686.962 442.545 1689.41 392.671 1624.762 389.498 1622.314 439.372
P2337 0.00173 1877.931 423.265 1902.8 381.165 1852.663 351.547 1827.793 393.647
P2337 0.00166 1943.817 702.826 1950.952 627.787 1864.621 619.578 1857.486 694.618
P2337 0.00151 1826.876 510.852 1833.0 479.43 1797.551 472.521 1791.427 503.943
P2337 0.00125 1930.261 413.991 1986.372 375.129 1947.342 318.774 1891.231 357.635
P2337 0.00104 1842.111 510.458 1847.129 481.243 1812.744 475.337 1807.726 504.552
P1541 0.00769 2912.293 3268.286 2928.518 3061.195 2805.824 3051.583 2789.6 3258.674
P1541 0.00446 413.7 2698.759 475.645 2660.972 404.016 2543.547 342.071 2581.334
P1541 0.00294 475.197 2601.421 533.038 2563.277 477.716 2479.384 419.874 2517.528
P1541 0.00188 2796.554 2784.895 2794.777 2673.313 2731.529 2674.32 2733.306 2785.902
P1666 0.00957 1617.855 182.779 1688.922 158.13 1653.808 56.892 1582.742 81.541
P1666 0.005 144.888 872.242 172.668 819.126 120.855 792.027 93.075 845.144
P1666 0.00413 1792.09 772.089 1823.024 738.071 1775.024 694.422 1744.09 728.44
P1666 0.00389 1681.797 326.312 1781.282 282.989 1759.492 232.953 1660.008 276.276
P1666 0.00388 1723.009 120.015 1765.47 107.028 1740.28 24.668 1697.819 37.655
P1666 0.00313 3582.118 147.099 3590.469 97.48 3508.898 83.753 3500.548 133.372
P1666 0.00294 1540.18 107.215 1590.387 42.594 1535.252 -0.244 1485.044 64.377
P1666 0.00273 1657.709 302.663 1752.273 261.95 1729.935 210.066 1635.371 250.78
P1666 0.00268 1649.668 166.452 1713.553 142.55 1683.969 63.477 1620.084 87.379
P1666 0.00254 1661.888 246.521 1749.867 205.768 1729.631 162.082 1641.652 202.835
P1666 0.00223 1668.369 147.202 1723.27 127.498 1692.114 40.685 1637.213 60.389
P1666 0.00202 763.374 280.843 784.934 205.533 733.701 190.866 712.142 266.176
P1666 0.00162 1690.397 264.414 1763.144 234.918 1745.553 191.531 1672.806 221.027
P1666 0.00128 1678.768 222.806 1747.39 194.434 1730.382 153.299 1661.761 181.67
P2450 0.0018 615.895 247.105 635.716 213.578 614.428 200.993 594.607 234.52
P2450 0.00158 1225.722 897.171 1235.948 858.79 1170.233 841.281 1160.006 879.661
P2450 0.00155 427.195 286.427 448.671 252.433 429.494 240.318 408.018 274.312
P2450 0.00131 566.836 207.204 578.055 192.031 556.895 176.384 545.676 191.557
P2450 0.0012 166.635 484.795 205.366 476.863 193.463 418.744 154.733 426.676
P2450 0.00102 53.286 358.251 94.975 348.563 90.134 327.731 48.445 337.419
P1693 0.05755 3639.914 1137.738 3662.609 1051.478 3519.623 1013.858 3496.927 1100.118
P1693 0.00767 3378.64 1051.842 3397.525 912.665 3292.575 898.424 3273.69 1037.601
P1693 0.00687 3474.048 1068.953 3494.276 942.564 3439.505 933.798 3419.277 1060.187
P1693 0.00672 3656.428 1055.013 3675.755 977.354 3555.277 947.371 3535.95 1025.03
P1693 0.00546 3600.62 1041.707 3618.369 969.036 3518.715 944.697 3500.966 1017.368
P1693 0.00448 1427.458 2731.027 1522.884 2690.778 1454.261 2528.08 1358.835 2568.329
P1693 0.00275 3445.042 1037.634 3453.521 910.009 3402.684 906.631 3394.204 1034.256
P1693 0.00184 3808.335 236.161 3839.308 172.838 3804.315 155.722 3773.342 219.045
P1518 0.01099 2821.161 1202.449 2903.871 1176.038 2892.17 1139.394 2809.46 1165.804
P1518 0.00726 1754.17 1941.66 1770.605 1753.855 1687.476 1746.58 1671.041 1934.386
P1518 0.0047 3562.766 1524.865 3605.222 1516.567 3589.574 1436.501 3547.118 1444.798
P1518 0.00259 1829.733 263.881 1870.036 210.116 1831.486 181.218 1791.183 234.983
P1529 0.09888 46.472 2601.435 136.319 2583.31 97.876 2392.748 8.03 2410.873
P1529 0.0288 92.971 2598.546 162.169 2575.702 120.02 2448.025 50.822 2470.868
P1529 0.02121 593.592 1489.419 733.275 1443.981 700.888 1344.418 561.205 1389.857
P1542 0.01687 3048.398 1026.383 3062.226 934.705 2991.625 924.055 2977.796 1015.733
P1542 0.01228 3082.312 1014.667 3094.989 932.299 3032.656 922.706 3019.98 1005.074
P1542 0.01124 1414.034 2374.968 1461.442 2264.791 1394.223 2235.867 1346.815 2346.045
P1542 0.01025 3900.496 906.889 3954.542 886.228 3933.421 830.979 3879.375 851.639
P1542 0.01004 3866.089 2460.112 3912.462 2444.805 3887.868 2370.298 3841.496 2385.604
P1542 0.00984 3642.748 2420.719 3701.136 2395.526 3669.049 2321.158 3610.66 2346.352
P1542 0.00928 3805.877 3724.953 3827.834 3693.353 3761.567 3647.307 3739.61 3678.907
P1542 0.00893 3878.425 113.053 3917.833 47.76 3848.56 5.95 3809.152 71.243
P1542 0.00809 2876.827 3466.931 2938.995 3437.608 2901.755 3358.656 2839.587 3387.979
P1542 0.00735 3712.097 2509.401 3749.567 2497.328 3726.637 2426.162 3689.167 2438.235
P1542 0.00632 3874.013 1026.464 3943.696 1006.575 3920.487 925.26 3850.804 945.148
P1542 0.0062 3873.172 915.02 3925.736 894.337 3903.41 837.595 3850.846 858.278
P1542 0.00584 3898.136 1010.279 3952.925 997.859 3935.098 919.215 3880.309 931.634
P1542 0.00584 3770.65 2362.575 3815.731 2343.557 3782.258 2264.212 3737.177 2283.23
P1542 0.00521 3344.254 3115.191 3425.316 3078.448 3400.694 3024.127 3319.632 3060.871
P1651 0.0175 3158.814 2497.493 3204.867 2459.621 3138.401 2378.797 3092.348 2416.669
P1651 0.01052 3014.882 2324.007 3067.546 2290.804 3008.562 2197.247 2955.898 2230.449
P1651 0.00413 2540.354 1174.829 2577.956 1163.552 2556.217 1091.067 2518.615 1102.344
P1651 0.00358 2792.193 933.066 2874.114 911.862 2854.965 837.882 2773.044 859.086
P1651 0.00349 2567.762 1165.013 2600.671 1155.662 2581.07 1086.683 2548.161 1096.035
P1651 0.00252 318.184 3060.232 372.722 3018.353 345.07 2982.343 290.532 3024.222
P1651 0.0023 2812.904 956.131 2888.479 925.727 2859.597 853.934 2784.022 884.338
P1651 0.00212 3172.769 2475.872 3225.814 2431.418 3166.669 2360.843 3113.624 2405.297
P1763 0.00103 2385.37 282.901 2387.731 144.155 2302.783 142.709 2300.421 281.456
P1586 0.4718 3744.565 2110.666 3815.996 1991.733 3752.804 1953.78 3681.373 2072.713
P1586 0.02574 2084.844 2112.799 2176.114 2061.57 2150.057 2015.146 2058.787 2066.375
P1586 0.02413 3670.608 2041.791 3725.379 1945.911 3652.948 1904.536 3598.178 2000.416
P1586 0.01688 2085.507 2092.739 2166.027 2040.909 2138.387 1997.969 2057.867 2049.799
P1586 0.01585 2874.26 2792.113 2885.446 2726.264 2812.393 2713.854 2801.207 2779.702
P1586 0.00957 3010.305 3023.051 3064.825 2923.035 2960.528 2866.18 2906.007 2966.196
P1586 0.00871 3044.682 2998.785 3119.657 2922.561 3053.452 2857.44 2978.477 2933.664
P1586 0.00677 2974.728 2992.925 3035.938 2900.593 2965.663 2854.004 2904.452 2946.336
P1586 0.0043 2191.657 3366.698 2229.053 3223.756 2143.714 3201.43 2106.318 3344.372
P1586 0.00386 3391.365 2634.34 3429.169 2591.006 3348.413 2520.554 3310.608 2563.888
P1586 0.00375 996.208 2264.364 1062.05 2208.155 963.564 2092.792 897.723 2149.001
P1586 0.00319 3352.795 2673.923 3386.818 2635.877 3293.654 2552.563 3259.631 2590.609
P1586 0.00269 3382.008 2656.363 3421.661 2611.93 3320.003 2521.21 3280.351 2565.642
P1601 0.00189 2206.22 2769.469 2254.944 2758.769 2234.383 2665.143 2185.659 2675.843
P1604 0.00505 1089.306 2182.772 1155.576 2160.726 1127.231 2075.522 1060.961 2097.568
P1751 0.02816 298.201 2468.57 299.323 2309.98 215.922 2309.39 214.8 2467.98
P1751 0.01767 2334.219 1491.561 2380.544 1376.719 2261.729 1328.791 2215.404 1443.633
P1751 0.01124 2729.099 590.472 2775.237 569.208 2733.804 479.309 2687.667 500.573
P1751 0.00975 78.296 396.402 79.907 279.442 13.942 278.533 12.331 395.493
P1751 0.00913 2835.459 549.216 2897.822 521.614 2839.568 389.999 2777.206 417.601
P1751 0.00901 2222.378 1659.177 2256.85 1556.857 2168.065 1526.945 2133.593 1629.265
P1751 0.00795 3944.778 3609.962 3947.26 3555.638 3907.792 3553.834 3905.311 3608.159
P1751 0.00794 2653.331 442.673 2764.72 394.78 2688.005 216.355 2576.616 264.248
P1751 0.00776 2235.583 1651.688 2284.887 1536.979 2195.917 1498.738 2146.613 1613.447
P1751 0.00544 2171.351 1804.147 2210.181 1705.608 2118.668 1669.547 2079.838 1768.086
P1751 0.00462 3497.005 283.644 3575.008 261.387 3544.582 154.753 3466.579 177.01
P1751 0.00308 2757.845 567.418 2844.081 524.805 2786.223 407.717 2699.987 450.33
P1751 0.00299 2809.2 563.249 2865.506 539.347 2816.607 424.16 2760.302 448.063
P1751 0.00281 1329.094 1143.989 1362.619 991.865 1248.147 966.638 1214.622 1118.761
P1751 0.00271 2822.055 556.347 2879.24 533.178 2830.306 412.4 2773.121 435.569
P1610 0.00391 809.217 334.604 1049.961 206.443 971.791 59.605 731.048 187.766
P1610 0.0022 778.586 301.412 1028.987 173.737 950.745 20.285 700.344 147.96
P1610 0.00145 1542.898 1803.948 1619.562 1742.539 1578.333 1691.067 1501.669 1752.476
P1610 0.00122 895.589 3606.426 959.811 3576.105 929.097 3511.051 864.875 3541.372
P1619 0.00543 471.603 403.901 515.534 335.792 418.893 273.457 374.962 341.566
P1619 0.00196 2462.197 2554.08 2502.152 2551.043 2495.73 2466.551 2455.775 2469.588
P1547 0.01318 124.81 3780.436 209.147 3764.179 186.719 3647.826 102.383 3664.082
P1547 0.00832 125.584 3735.817 199.697 3711.637 169.342 3618.6 95.23 3642.78
P1547 0.00347 1310.062 270.191 1354.884 257.705 1338.283 198.11 1293.46 210.596
P1547 0.00298 93.037 3909.863 151.25 3873.955 112.063 3810.427 53.851 3846.334
P1547 0.00273 138.242 3695.073 194.458 3653.51 147.622 3590.161 91.406 3631.724
P1752 0.06985 1342.028 3829.947 1482.935 3801.271 1445.797 3618.78 1304.89 3647.456
P1752 0.06814 674.831 2531.735 676.819 2368.865 587.729 2367.777 585.741 2530.648
P1752 0.03161 2152.488 3451.004 2269.958 3417.159 2224.22 3258.41 2106.75 3292.255
P1752 0.02814 2323.118 3379.958 2398.105 3359.812 2365.192 3237.306 2290.206 3257.452
P1752 0.01737 3822.399 3165.831 3825.511 3103.846 3726.683 3098.885 3723.571 3160.87
P1752 0.00572 2084.789 2713.871 2097.826 2629.527 1995.412 2613.697 1982.375 2698.041
P1752 0.00506 704.51 2534.008 708.842 2361.428 631.57 2359.488 627.238 2532.068
P1752 0.00358 262.477 3456.131 307.29 3439.887 284.241 3376.299 239.428 3392.542
P1752 0.00344 2429.06 2810.991 2506.436 2782.164 2464.508 2669.625 2387.132 2698.452
P1643 0.00757 3922.397 1600.433 3968.231 1592.811 3952.244 1496.676 3906.41 1504.298
P1643 0.004 1696.224 2660.286 1768.776 2637.752 1754.455 2591.641 1681.903 2614.176
P1643 0.00313 1166.698 2297.564 1343.307 2250.006 1321.311 2168.321 1144.701 2215.879
P1643 0.00285 1537.974 2688.623 1615.828 2652.122 1595.599 2608.976 1517.746 2645.477
P1643 0.00282 1534.39 2779.254 1652.826 2734.113 1631.502 2678.166 1513.066 2723.307
P1643 0.00272 1520.523 3840.741 1601.369 3814.434 1570.834 3720.593 1489.987 3746.9
P1749 0.00385 842.375 87.084 874.988 81.299 863.48 16.42 830.867 22.205
P1579 0.00727 3688.111 2680.642 3754.341 2611.552 3690.054 2549.927 3623.825 2619.018
P1579 0.0017 3706.223 1913.681 3762.384 1890.648 3727.641 1805.933 3671.48 1828.965
P1579 0.00153 3643.804 2506.244 3778.867 2447.462 3740.338 2358.934 3605.275 2417.715
P1579 0.00132 3642.648 2643.699 3798.502 2563.57 3730.418 2431.144 3574.564 2511.273
P1579 0.00106 3677.202 2675.992 3788.343 2580.167 3701.864 2479.866 3590.723 2575.69
P1257 0.02643 1195.464 2775.141 1290.455 2704.606 1176.548 2551.203 1081.557 2621.737
P1257 0.01536 442.08 2211.575 422.018 2006.665 317.517 2016.897 337.579 2221.806
P1257 0.00417 3503.698 583.988 3533.776 518.888 3435.725 473.585 3405.646 538.686
P1323 0.00481 116.696 746.457 176.278 722.841 123.889 590.664 64.307 614.28
P1315 0.06814 2242.456 1475.446 2228.096 1312.067 2103.696 1323.0 2118.055 1486.379
P1314 0.0599 2446.528 835.885 2504.979 791.748 2436.039 700.451 2377.588 744.587
P1314 0.03415 2404.299 3422.974 2405.579 3310.546 2251.2 3308.787 2249.92 3421.216
P1314 0.0179 2280.798 4001.888 2287.614 3848.368 2191.714 3844.11 2184.898 3997.63
P1314 0.01783 1002.161 617.196 1136.002 529.242 1070.963 430.271 937.122 518.226
P1314 0.01344 2388.279 3224.324 2422.474 3084.453 2262.924 3045.447 2228.729 3185.318
P1314 0.01098 3010.918 938.137 3059.819 885.262 3021.559 849.877 2972.658 902.753
P1314 0.01074 2295.011 3834.079 2310.037 3729.427 2240.212 3719.401 2225.186 3824.053
P1314 0.00959 2373.871 874.812 2428.278 836.727 2361.647 741.54 2307.24 779.625
P1314 0.0075 2283.551 3331.553 2404.561 3286.394 2373.943 3204.349 2252.933 3249.508
P1314 0.00598 506.68 195.197 566.184 137.68 518.982 88.847 459.478 146.364
P1314 0.00339 2431.439 865.658 2493.823 821.542 2432.911 735.406 2370.527 779.522
P1314 0.00332 2377.608 854.399 2446.071 809.01 2397.166 735.243 2328.702 780.632
P1314 0.00262 2241.505 3825.06 2250.099 3723.672 2195.531 3719.046 2186.937 3820.435
P1314 0.0026 2394.521 3027.186 2412.966 2957.901 2367.145 2945.702 2348.7 3014.987
P1314 0.00239 2343.96 3427.27 2432.312 3347.239 2334.752 3239.535 2246.4 3319.567
P1283 0.00198 176.158 503.093 225.778 478.082 180.933 389.11 131.313 414.121
P1246 0.01963 2181.699 943.55 2233.247 883.461 2103.125 771.835 2051.577 831.923
P1332 0.00357 2692.061 158.627 2769.606 137.694 2758.969 98.289 2681.424 119.221
P1332 0.00214 2721.376 261.334 2814.625 238.21 2801.999 187.299 2708.751 210.423
P1332 0.00194 2724.673 295.486 2814.917 269.523 2797.395 208.617 2707.151 234.58
P1225 0.00105 3027.581 2787.489 3078.791 2752.234 3011.921 2655.102 2960.712 2690.356
P1210 0.00167 977.292 911.916 1018.523 886.48 963.11 796.656 921.878 822.092
P1210 0.00104 932.602 157.305 1170.541 86.526 1122.822 -73.89 884.883 -3.111
P1240 0.0376 1705.796 1545.844 1779.322 1454.022 1710.442 1398.866 1636.916 1490.688
P1240 0.03169 2283.991 779.707 2320.319 701.357 2167.805 630.642 2131.477 708.992
P1240 0.01846 1601.514 3727.335 1691.432 3632.088 1648.114 3591.194 1558.196 3686.441
P1240 0.00816 1570.543 1650.122 1651.072 1621.564 1614.313 1517.911 1533.785 1546.469
P1240 0.00684 2174.798 2934.688 2219.926 2810.698 2159.798 2788.813 2114.67 2912.803
P1240 0.00671 2456.146 1854.074 2543.276 1808.314 2452.443 1635.362 2365.313 1681.122
P1240 0.00598 2920.706 2095.003 2964.589 2019.049 2830.854 1941.781 2786.971 2017.735
P1240 0.00571 1789.12 2925.79 1814.96 2852.401 1729.238 2822.219 1703.398 2895.608
P1240 0.00516 3911.013 481.885 3991.144 406.112 3956.653 369.637 3876.522 445.41
P1240 0.00468 1631.621 3702.713 1724.615 3598.923 1683.807 3562.36 1590.813 3666.151
P1240 0.0039 1689.906 3503.716 1756.969 3377.737 1686.973 3340.476 1619.911 3466.455
P1342 0.03239 1699.866 1212.875 1691.356 1091.629 1507.68 1104.521 1516.19 1225.768
P1342 0.02793 1827.365 809.899 1921.862 799.942 1903.863 629.138 1809.367 639.095
P1342 0.01164 3319.624 753.72 3447.715 727.545 3433.215 656.587 3305.124 682.763
P1342 0.00964 1951.792 3742.672 2053.304 3718.302 2018.098 3571.652 1916.586 3596.022
P1342 0.00959 2768.434 602.538 2771.146 555.246 2696.972 550.992 2694.26 598.285
P1342 0.00944 254.798 520.154 308.199 495.223 253.332 377.703 199.931 402.635
P1342 0.00715 3387.003 827.708 3472.373 797.707 3450.125 734.398 3364.755 764.399
P1342 0.00631 597.908 2367.08 802.459 2304.499 769.405 2196.459 564.854 2259.04
P1371 0.00536 112.156 359.297 168.424 328.986 134.692 266.368 78.424 296.679
P1371 0.00407 995.117 173.775 1076.682 128.601 1051.324 82.816 969.759 127.99
P1371 0.00184 140.083 324.806 176.86 300.777 138.389 241.895 101.612 265.924
P1371 0.00108 1004.365 199.918 1105.898 142.248 1078.367 93.776 976.834 151.446
P1373 0.06073 1637.755 848.123 1732.9 743.045 1673.163 688.955 1578.018 794.033
P1373 0.02375 2995.844 156.015 3002.154 9.911 2898.647 5.441 2892.338 151.545
P1373 0.02183 3555.194 318.087 3617.284 238.14 3504.695 150.7 3442.605 230.647
P1373 0.02073 1388.43 1051.819 1444.021 1010.124 1401.76 953.778 1346.169 995.472
P1373 0.01686 1775.579 1329.588 1814.373 1312.475 1777.027 1227.809 1738.233 1244.921
P1373 0.0075 3392.331 2655.081 3485.005 2582.725 3447.198 2534.301 3354.523 2606.657
P0385 0.36488 826.726 956.8 961.059 618.03 651.97 495.466 517.637 834.237
P0673 0.86494 923.01 427.979 1081.344 6.557 846.505 -81.675 688.172 339.748
P2582 0.95779 1275.06 1309.064 1409.83 894.676 1155.548 811.977 1020.778 1226.364
P2582 0.94925 1496.567 885.476 1620.778 512.209 1357.283 424.527 1233.072 797.794
P2582 0.9338 899.916 1187.178 1060.964 751.875 773.81 645.638 612.763 1080.94
P2582 0.93266 435.482 998.86 598.195 532.43 301.857 429.053 139.143 895.483
P2582 0.92931 1207.379 781.941 1352.527 402.155 1094.564 303.566 949.416 683.352
P0161 0.00308 2608.631 2283.393 2610.894 2084.82 2531.652 2083.917 2529.389 2282.49
P0161 0.00168 2418.809 2000.111 2417.758 1949.943 2385.157 1950.626 2386.208 2000.794
P1178 0.0017 4163.665 3160.209 4179.88 3080.569 4128.333 3070.073 4112.117 3149.713
P1178 0.00169 4268.792 3221.7 4278.278 3105.083 4212.951 3099.77 4203.465 3216.387
P1471 0.33173 4732.469 2807.955 4729.812 2555.4 4352.134 2559.373 4354.79 2811.927
P1471 0.32382 2513.325 1234.264 2525.654 889.176 2204.089 877.688 2191.76 1222.776
P1471 0.10297 583.283 2584.829 799.379 2576.615 782.807 2140.653 566.711 2148.867
P1471 0.03137 4240.029 4632.346 4241.339 4484.819 4063.6 4483.241 4062.29 4630.768
P1471 0.0087 4767.422 2823.49 4775.504 2573.472 4502.014 2564.632 4493.932 2814.65
P1471 0.00842 2616.712 691.693 2615.431 529.116 2503.51 529.997 2504.79 692.574
P1471 0.00496 2147.111 715.319 2144.141 504.142 2022.968 505.846 2025.938 717.023
P1471 0.00408 3697.838 4630.435 3698.213 4539.255 3542.313 4538.614 3541.938 4629.793
P1471 0.00342 4040.318 4608.209 4041.684 4469.412 3829.035 4467.319 3827.669 4606.117
P1471 0.00333 1018.462 2552.908 1015.197 2412.995 941.469 2414.716 944.734 2554.629
P1471 0.00333 3941.068 4623.547 3943.084 4480.296 3776.554 4477.953 3774.538 4621.204
P1471 0.00239 488.136 2372.667 573.297 2365.306 559.007 2199.979 473.846 2207.34
P1471 0.00145 1084.704 2539.851 1083.491 2409.518 1012.418 2410.18 1013.632 2540.513
P1133 0.01041 476.044 869.392 892.441 757.768 820.96 491.121 404.564 602.745
P1133 0.0075 281.021 734.166 665.035 589.311 569.313 335.55 185.299 480.406
P1377 0.65678 903.298 434.776 902.464 56.205 586.281 56.903 587.115 435.473
P1377 0.64678 1220.328 531.18 1228.097 96.689 967.345 92.026 959.576 526.517
P1377 0.04726 2692.448 403.634 2705.618 311.366 2625.758 299.967 2612.588 392.235
P1377 0.01028 2664.792 478.956 2678.843 368.412 2537.048 350.388 2522.996 460.933
P1377 0.00748 3737.77 2531.139 3797.078 2401.132 3732.603 2371.719 3673.295 2501.726
P1377 0.00663 3732.925 2251.126 3798.792 2194.763 3699.737 2079.007 3633.87 2135.369
P1377 0.00567 879.882 3260.048 1175.401 3148.382 1056.829 2834.585 761.31 2946.25
P1377 0.00491 3686.532 2587.838 3736.344 2519.15 3683.025 2480.484 3633.213 2549.172
P1377 0.00483 2582.986 618.752 2642.61 572.744 2571.239 480.249 2511.614 526.256
P1377 0.00472 3628.069 1786.649 3834.727 1723.93 3663.421 1159.474 3456.762 1222.192
P1380 0.129 3335.365 2707.942 3523.584 2591.51 3462.165 2492.221 3273.945 2608.653
P1380 0.01425 4180.533 3663.234 4451.626 3587.71 4312.792 3089.365 4041.699 3164.888
P1380 0.01416 3040.914 2586.678 3481.697 2322.737 3331.974 2072.7 2891.191 2336.641
P1380 0.01079 4039.268 969.311 4070.803 838.345 3924.132 803.028 3892.596 933.994
P1380 0.00796 1724.232 2556.778 2211.387 2279.363 2073.99 2038.086 1586.835 2315.501
P1380 0.00697 2466.746 3505.976 2574.117 3376.538 2467.021 3287.699 2359.649 3417.137
P1380 0.00504 743.367 285.665 831.6 220.987 761.839 125.819 673.605 190.497
P1380 0.00484 3881.394 3127.619 4423.89 2843.135 4293.03 2593.593 3750.534 2878.077
P1380 0.0048 2222.854 1660.482 2321.894 1614.875 2274.813 1512.636 2175.773 1558.244
P1380 0.00406 1954.086 2090.671 2054.195 2025.483 1999.439 1941.394 1899.329 2006.583
P1380 0.00331 1670.61 2517.499 1935.462 2377.864 1842.587 2201.705 1577.736 2341.34
P1380 0.0032 2344.273 3608.062 2392.008 3565.607 2339.168 3506.197 2291.434 3548.653
P1380 0.00255 2275.864 4452.783 2471.523 4375.717 2433.789 4279.915 2238.13 4356.98
P2754 0.3963 1685.944 1001.797 1769.681 763.146 1371.553 623.454 1287.817 862.105
P2754 0.02391 1158.746 632.669 1187.869 545.229 1139.145 529.0 1110.022 616.441
P2754 0.00888 2755.568 1490.214 2800.149 1325.263 2525.68 1251.083 2481.099 1416.034
P2754 0.00657 2824.531 1483.182 2847.61 1384.806 2795.539 1372.591 2772.461 1470.966
P2754 0.00634 393.117 915.137 421.267 790.243 344.357 772.908 316.207 897.802
P2754 0.00632 2749.922 2346.014 2755.871 2177.881 2430.908 2166.383 2424.959 2334.516
P2754 0.00595 363.273 1818.762 406.288 1716.885 330.753 1684.993 287.739 1786.87
P2754 0.00582 1233.539 637.922 1260.275 554.982 1216.773 540.958 1190.037 623.899
P2754 0.00289 2754.886 1928.175 2759.475 1850.873 2711.966 1848.053 2707.377 1925.355
P2285 0.02155 2744.89 733.954 2839.218 627.737 2598.73 414.167 2504.402 520.384
P2481 0.01003 1445.868 161.222 1454.195 87.348 1389.912 80.102 1381.585 153.976
P0382 0.1849 1086.617 1164.431 1098.787 915.676 1027.621 912.195 1015.451 1160.949
P0382 0.06084 1136.986 281.334 1130.66 28.642 928.452 33.705 934.779 286.397
P2488 0.02414 2126.904 1243.939 2357.516 1133.04 2280.707 973.318 2050.095 1084.217
P2488 0.01128 1513.99 80.758 1556.292 57.807 1524.048 -1.621 1481.746 21.33
P2488 0.00616 959.731 289.995 988.157 260.718 959.331 232.731 930.906 262.007
P2488 0.00411 1949.03 1295.512 1992.485 1271.358 1980.564 1249.912 1937.109 1274.066
P2488 0.00244 1976.356 1336.752 2020.869 1310.104 2005.62 1284.631 1961.107 1311.279
P2488 0.00189 1547.921 1999.141 1589.274 1988.709 1575.262 1933.167 1533.909 1943.599
P1376 0.02147 3348.4 365.512 3546.172 289.453 3451.411 43.051 3253.639 119.11
P1376 0.00746 4594.172 2815.681 4797.93 2764.248 4665.757 2240.631 4462.0 2292.064
P1376 0.00607 4043.958 348.937 4099.112 311.71 4033.815 214.969 3978.661 252.196
P1376 0.00273 4271.748 216.366 4343.413 169.817 4292.13 90.864 4220.465 137.413
P1376 0.00252 4404.994 2900.392 4638.325 2805.023 4443.477 2328.305 4210.146 2423.673
P1376 0.00252 3982.538 248.026 4035.154 208.63 3985.981 142.957 3933.366 182.353
P1376 0.00247 4164.7 271.747 4299.728 184.023 4249.429 106.601 4114.401 194.325
P1376 0.00237 3979.772 396.505 4039.443 351.0 3942.964 224.487 3883.292 269.992
P1376 0.00218 4147.109 279.908 4258.453 216.45 4226.404 160.217 4115.061 223.675
P1376 0.00216 4563.889 2204.339 4642.454 2185.312 4605.064 2030.925 4526.499 2049.952
P1376 0.00187 4027.869 301.038 4087.303 254.17 4004.215 148.804 3944.781 195.671
P1376 0.00163 4374.311 164.397 4529.505 68.115 4477.857 -15.136 4322.663 81.146
P1376 0.00137 4381.538 2934.287 4563.893 2808.786 4271.468 2383.888 4089.113 2509.389
P1376 0.00118 3942.686 423.92 3989.337 388.637 3919.954 296.9 3873.303 332.183
P1376 0.00104 3993.384 391.876 4051.52 352.211 3983.202 252.077 3925.065 291.741
P0466 0.92256 1277.647 382.371 1412.395 68.091 929.071 -139.134 794.323 175.146
P1786 0.62495 2252.818 1686.969 2369.969 1595.775 2259.567 1453.95 2142.416 1545.144
P1786 0.57283 1303.546 1374.786 1491.001 1206.228 1206.602 889.946 1019.148 1058.504
P1786 0.38312 2357.198 1915.028 2503.284 1807.847 2372.69 1629.85 2226.604 1737.03
P1786 0.23862 368.306 3369.602 853.617 3140.022 600.01 2603.919 114.699 2833.499
P1786 0.09788 1897.954 1360.914 2314.248 1203.819 2203.214 909.585 1786.92 1066.68
P1786 0.04284 2013.727 1301.049 2263.733 1235.023 2177.096 906.972 1927.089 972.998
P1786 0.02563 1778.346 1542.799 1842.818 1484.155 1715.934 1344.659 1651.461 1403.303
P1786 0.01699 2765.245 2636.723 2846.17 2557.292 2704.089 2412.539 2623.164 2491.969
P1786 0.01584 2548.384 1655.149 2581.784 1629.033 2533.73 1567.576 2500.33 1593.692
P1786 0.01408 1444.404 2452.756 2070.59 2290.797 1933.734 1761.667 1307.548 1923.626
P1786 0.00839 1703.197 1045.692 2038.569 972.093 1980.976 709.656 1645.604 783.255
P1786 0.00763 2114.648 2060.067 2181.163 2020.007 2121.709 1921.29 2055.194 1961.349
P1786 0.00681 414.425 3351.786 625.112 3284.53 511.417 2928.366 300.73 2995.622
P2394 0.02059 1168.907 223.386 1190.729 179.857 1139.651 154.25 1117.828 197.779
P2394 0.00949 1123.063 67.345 1175.13 22.724 1140.242 -17.985 1088.175 26.635
P2394 0.00526 1213.691 132.233 1233.388 93.234 1181.491 67.024 1161.795 106.022
P2394 0.00136 1205.535 183.425 1221.068 156.729 1147.973 114.197 1132.44 140.892
P1410 0.845 3166.098 4213.642 3167.925 3881.022 2915.592 3879.636 2913.765 4212.256
P1410 0.78486 2863.198 4200.822 2861.047 3894.139 2662.003 3895.534 2664.153 4202.218
P1410 0.16112 4253.156 5100.874 4268.816 4782.336 3711.637 4754.943 3695.977 5073.481
P1410 0.14641 3195.619 5059.515 3197.765 4436.981 2568.412 4434.811 2566.266 5057.345
P1410 0.08888 2166.743 4285.275 2167.258 4169.692 2078.074 4169.294 2077.559 4284.877
P1410 0.06843 2644.611 4166.896 2647.858 3883.632 2525.551 3882.23 2522.303 4165.494
P1410 0.05533 4322.093 3393.556 4331.349 3263.276 4183.533 3252.775 4174.277 3383.055
P1410 0.0433 5070.128 2898.5 5082.301 2461.48 4181.303 2436.383 4169.13 2873.403
P1410 0.0396 3343.323 4198.388 3348.62 4078.476 3283.576 4075.603 3278.278 4195.515
P1410 0.03872 2014.975 4153.986 2018.115 4023.257 1919.492 4020.888 1916.352 4151.618
P1410 0.02994 4985.691 2367.187 4995.864 1983.931 4737.927 1977.084 4727.754 2360.34
P1410 0.02508 3616.5 4394.352 3618.533 4272.03 3537.072 4270.675 3535.039 4392.998
P1410 0.02044 2597.956 4170.589 2606.199 3944.653 2501.771 3940.843 2493.528 4166.779
P1410 0.01603 4677.496 1314.701 4676.566 1186.019 4545.104 1186.968 4546.034 1315.65
P1410 0.01589 2847.124 3570.198 2852.338 3402.707 2704.207 3398.095 2698.992 3565.586
P1410 0.01588 1051.134 1164.175 1131.378 1052.735 1072.668 1010.461 992.424 1121.901
P1410 0.01559 1120.373 882.066 1162.57 828.006 1058.495 746.769 1016.298 800.829
P1410 0.01505 1170.8 841.718 1283.375 689.144 1001.318 481.033 888.744 633.608
P1410 0.01399 3033.648 4207.469 3033.669 3876.232 2615.723 3876.205 2615.702 4207.442
P1410 0.01398 4299.778 1692.078 4300.582 1553.817 4236.017 1553.442 4235.213 1691.703
P1410 0.01159 1155.382 859.485 1227.809 762.567 1107.929 672.98 1035.501 769.898
P1410 0.01156 4971.93 1196.285 4976.709 1094.458 4901.983 1090.951 4897.204 1192.778
P1410 0.01019 1274.448 861.344 1317.664 807.561 1271.819 770.724 1228.604 824.508
P1410 0.00952 5056.687 1723.834 5060.234 1635.248 4976.377 1631.891 4972.831 1720.476
P1410 0.00816 4713.296 1906.425 4712.187 1421.39 4237.444 1422.475 4238.553 1907.511
P1410 0.00767 2154.205 4052.534 2162.355 3924.828 2081.022 3919.638 2072.873 4047.344
P1410 0.00756 2579.722 2091.154 2584.966 1878.558 2435.708 1874.876 2430.464 2087.472
P1410 0.00711 2771.74 4166.382 2776.205 3895.657 2620.467 3893.089 2616.002 4163.813
P1410 0.00658 3333.625 3641.713 3341.925 3542.34 3279.744 3537.147 3271.445 3636.52
P1410 0.00594 2146.682 4124.675 2150.125 3996.806 2076.155 3994.814 2072.712 4122.683
P1410 0.00575 2442.41 2812.301 2444.273 2736.424 2363.363 2734.437 2361.5 2810.314
P1410 0.00571 3186.003 4173.238 3199.255 3899.76 3127.127 3896.264 3113.875 4169.743
P1410 0.00561 1066.911 466.017 1123.645 386.029 1050.173 333.918 993.439 413.906
P1410 0.00519 2863.149 4093.932 2863.566 3882.607 2751.695 3882.386 2751.277 4093.711
P1410 0.00513 996.196 774.942 1037.537 713.974 917.881 632.837 876.54 693.805
P1410 0.00507 1327.639 746.758 1496.25 533.76 1203.014 301.633 1034.404 514.631
P1410 0.00481 4923.731 1216.184 4929.011 1115.078 4851.763 1111.044 4846.483 1212.15
P1410 0.00473 4306.178 1607.037 4305.811 1449.285 4233.2 1449.454 4233.567 1607.206
P1410 0.00435 3181.738 4083.881 3194.785 3875.725 3076.586 3868.316 3063.538 4076.472
P1410 0.00386 3175.358 4211.072 3186.855 3938.56 3073.846 3933.793 3062.349 4206.305
P1410 0.00385 2507.597 4083.523 2516.838 3932.412 2452.358 3928.469 2443.117 4079.58
P1410 0.00374 2484.239 5177.412 2485.199 5122.504 2354.24 5120.214 2353.28 5175.122
P1410 0.00372 2448.337 2773.07 2450.815 2691.221 2359.344 2688.451 2356.865 2770.3
P0499 0.04859 855.845 160.574 907.398 -25.461 615.708 -106.293 564.155 79.741
P0499 0.00675 209.697 675.349 401.595 344.462 115.24 178.391 -76.658 509.279
P0499 0.00169 552.752 483.098 764.666 92.93 391.499 -109.75 179.585 280.418
P2294 0.00154 171.326 275.387 232.24 187.474 195.841 162.253 134.927 250.166
P1573 0.01054 3314.225 1935.547 3418.033 1903.648 3351.777 1688.035 3247.968 1719.935
P1584 0.27272 2020.137 3626.498 2112.734 3591.597 2069.284 3476.316 1976.686 3511.216
P1584 0.06064 518.663 1017.359 693.33 979.309 672.77 884.93 498.103 922.98
P1584 0.04961 94.636 3196.106 251.839 3162.118 235.242 3085.357 78.039 3119.346
P1584 0.04734 2577.93 4135.118 2672.043 4109.854 2620.956 3919.545 2526.844 3944.809
P1584 0.03618 1959.112 3611.299 2023.454 3572.794 1985.728 3509.756 1921.387 3548.261
P1584 0.02283 2044.81 3838.897 2100.093 3815.017 2067.746 3740.135 2012.464 3764.014
P1584 0.02222 449.482 487.497 663.272 447.084 640.391 326.041 426.601 366.454
P1584 0.01828 1665.396 3710.184 1890.976 3660.856 1867.344 3552.785 1641.764 3602.112
P1584 0.01766 1963.409 3495.208 2040.524 3467.248 2025.261 3425.153 1948.146 3453.113
P1584 0.01618 2699.669 4087.954 2780.938 4056.699 2727.42 3917.542 2646.151 3948.798
P1584 0.01276 1982.877 3602.86 2055.976 3567.613 2015.48 3483.628 1942.381 3518.875
P1584 0.01252 1904.984 3730.823 1976.718 3702.485 1952.495 3641.167 1880.76 3669.505
P1584 0.00959 158.193 741.388 155.767 633.796 13.508 637.004 15.934 744.596
P1584 0.00903 1934.182 3443.969 2019.841 3417.974 2004.293 3366.741 1918.634 3392.736
P1584 0.00724 1771.375 4127.833 1844.184 4108.147 1828.921 4051.694 1756.111 4071.379
P1584 0.00724 1124.249 2235.172 1168.229 2172.043 1076.058 2107.83 1032.078 2170.959
P1584 0.00671 1151.439 3192.542 1229.819 3158.4 1198.908 3087.434 1120.527 3121.576
P1584 0.00613 2455.329 4178.776 2545.94 4146.49 2511.366 4049.457 2420.755 4081.743
P1584 0.00578 1051.099 3306.963 1135.028 3282.432 1092.819 3138.024 1008.891 3162.556
P1584 0.00561 2294.149 4078.787 2377.103 4046.22 2343.462 3960.531 2260.508 3993.098
P1584 0.00446 1265.432 4023.867 1384.145 3982.931 1357.325 3905.153 1238.612 3946.089
P1584 0.0044 1830.973 4427.066 1914.129 4404.999 1900.503 4353.654 1817.347 4375.722
P1584 0.00416 1210.243 4618.465 1294.834 4599.932 1278.166 4523.853 1193.574 4542.386
P1584 0.00414 2305.542 4216.075 2361.88 4199.739 2328.192 4083.56 2271.854 4099.896
P1584 0.00414 763.295 1404.948 780.497 1323.922 641.013 1294.31 623.811 1375.336
P1584 0.00412 1764.276 4007.703 1830.0 3982.394 1809.182 3928.334 1743.458 3953.644
P1584 0.00412 160.981 3344.896 242.232 3313.61 222.24 3261.69 140.989 3292.976
P1584 0.00356 1945.208 3854.319 1993.265 3840.128 1973.081 3771.772 1925.023 3785.963
P1584 0.00351 168.451 3199.671 278.225 3165.695 258.162 3100.875 148.389 3134.851
P1584 0.0035 984.849 2674.839 1029.418 2652.124 1000.78 2595.934 956.212 2618.649
P1584 0.00336 1876.677 3744.491 1867.119 3682.638 1729.857 3703.849 1739.415 3765.702
P1584 0.00325 1795.033 4160.325 1860.664 4134.051 1837.302 4075.694 1771.671 4101.968
P1584 0.00322 1168.231 3243.314 1245.247 3205.472 1220.506 3155.12 1143.49 3192.963
P1584 0.00322 664.084 505.795 654.094 426.863 490.227 447.603 500.217 526.535
P1584 0.00312 1793.404 3825.27 1928.944 3791.025 1914.415 3733.519 1778.875 3767.764
P1584 0.00309 111.795 3282.442 197.02 3259.052 183.751 3210.705 98.527 3234.095
P1584 0.00306 100.599 3243.064 204.1 3216.853 190.563 3163.4 87.062 3189.612
P1584 0.00279 907.872 4755.333 1007.217 4693.117 903.052 4526.788 803.707 4589.003
P1584 0.00267 160.577 747.708 161.928 670.362 39.995 668.233 38.644 745.579
P2539 0.05637 448.455 197.077 497.504 192.495 490.227 114.592 441.178 119.174
P2539 0.00655 1253.923 2075.902 1255.659 2050.377 1209.182 2047.216 1207.446 2072.741
P2539 0.00481 1183.457 2081.889 1185.396 2046.81 1160.594 2045.439 1158.655 2080.518
P2539 0.00203 22.285 961.896 76.652 949.114 57.555 867.882 3.188 880.663
P2539 0.00177 225.462 954.952 255.736 946.119 241.771 898.256 211.498 907.089
P2539 0.0014 216.572 933.399 250.746 923.867 238.916 881.451 204.742 890.983
P2539 0.0012 678.117 1938.219 698.708 1924.246 677.157 1892.487 656.565 1906.46
P2539 0.00117 1169.899 2080.162 1172.131 2050.647 1150.849 2049.038 1148.618 2078.553
P2542 0.89066 655.865 955.65 701.202 891.369 603.252 822.286 557.915 886.567
P2542 0.40711 792.347 991.014 876.508 880.741 820.648 838.109 736.487 948.382
P2542 0.26885 784.155 1002.825 826.892 943.561 770.491 902.887 727.753 962.151
P2542 0.2601 689.334 1170.088 780.74 1030.845 706.365 982.021 614.959 1121.264
P2542 0.03355 511.688 901.785 527.599 830.851 444.882 812.297 428.972 883.232
P2542 0.02639 1007.137 92.938 1052.522 83.588 1047.895 61.128 1002.51 70.478
P2542 0.01777 276.373 2175.794 275.011 2122.541 232.569 2123.626 233.932 2176.88
P2542 0.00715 905.965 141.897 944.028 129.745 933.781 97.646 895.717 109.798
P2542 0.00525 778.437 1008.217 809.268 965.346 750.912 923.378 720.081 966.249
P2542 0.00449 577.825 970.735 594.167 940.949 554.922 919.417 538.58 949.203
P2542 0.00413 824.362 2436.809 861.374 2379.827 803.469 2342.215 766.457 2399.197
P2542 0.00369 1194.163 1007.189 1229.964 917.043 1172.636 894.275 1136.834 984.42
P2542 0.00268 928.167 151.824 957.521 140.6 944.415 106.324 915.061 117.549
P2542 0.00259 959.446 180.821 977.155 175.196 967.748 145.579 950.038 151.204
P2542 0.00233 1239.473 1026.514 1271.914 949.855 1231.818 932.887 1199.377 1009.546
P2542 0.00187 1024.22 129.833 1054.822 119.378 1048.067 99.604 1017.464 110.059
P2542 0.00182 262.792 2174.825 263.037 2123.51 218.81 2123.299 218.565 2174.613
P2542 0.00177 939.229 58.15 964.198 49.408 953.497 18.841 928.528 27.582
P2542 0.00173 455.884 1116.182 468.812 1075.543 446.344 1068.395 433.416 1109.034
P2542 0.00172 951.567 105.947 974.394 100.695 970.642 84.39 947.815 89.641
P2542 0.00158 579.398 869.578 600.107 828.366 568.856 812.662 548.147 853.874
P0130 0.17907 477.734 511.997 481.46 396.927 426.764 395.156 423.039 510.227
P0130 0.0243 653.387 44.526 654.232 27.97 640.805 27.284 639.96 43.84
P0130 0.01541 553.894 478.269 557.606 390.782 499.519 388.317 495.807 475.804
P0130 0.00663 201.857 574.159 202.574 561.033 186.866 560.174 186.149 573.301
P0130 0.00616 569.202 541.734 569.786 384.32 502.068 384.069 501.484 541.483
P0130 0.00571 247.558 716.761 249.626 642.149 218.675 641.291 216.607 715.903
P0130 0.00504 623.091 42.428 624.371 26.424 613.489 25.554 612.209 41.558
P0130 0.00451 357.457 331.435 357.756 293.697 321.307 293.408 321.008 331.146
P0130 0.00432 530.809 292.305 532.456 196.235 414.349 194.211 412.703 290.281
P0130 0.00412 694.057 60.881 694.419 43.093 683.099 42.863 682.737 60.65
P0130 0.00389 694.673 47.088 695.351 30.045 681.882 29.509 681.204 46.551
P0130 0.00244 552.798 546.492 553.621 512.814 523.193 512.071 522.37 545.748
P0130 0.00178 652.137 81.113 653.585 64.086 641.716 63.076 640.267 80.103
P0130 0.00169 111.536 43.357 112.223 23.878 98.939 23.41 98.253 42.889
P0130 0.00168 654.562 93.459 656.024 71.466 642.817 70.588 641.355 92.581
P0130 0.00153 550.159 106.683 551.535 91.74 538.413 90.531 537.037 105.474
P0130 0.00144 692.732 59.434 693.732 36.158 678.94 35.522 677.94 58.799
P0130 0.00136 200.327 559.982 201.174 547.798 187.569 546.852 186.722 559.035
P0130 0.0013 665.46 45.128 666.557 28.545 657.383 27.938 656.287 44.521
P0130 0.0011 664.762 855.164 666.296 824.324 645.111 823.27 643.576 854.11
P0130 0.00106 256.073 358.781 300.012 329.84 287.456 310.777 243.517 339.718
P0130 0.00101 652.716 55.564 653.442 42.362 638.544 41.542 637.817 54.745
P2455 0.07057 1010.957 2241.341 1190.422 2219.5 1144.391 1841.283 964.926 1863.125
P2455 0.02518 838.974 2208.032 853.65 2028.32 790.755 2023.184 776.079 2202.896
P2455 0.02417 760.091 2213.079 779.687 2011.062 692.049 2002.561 672.453 2204.577
P2455 0.00234 886.654 1531.151 917.933 1455.053 847.861 1426.251 816.582 1502.348
P2455 0.00168 50.833 1274.612 85.653 1267.657 75.398 1216.317 40.577 1223.272
P2455 0.00154 646.039 2225.01 661.588 2102.915 602.093 2095.338 586.545 2217.434
P0715 0.00175 1056.863 583.654 1103.338 516.695 1035.001 469.264 988.526 536.223
P2012 0.91266 330.046 109.077 330.801 60.536 219.747 58.809 218.993 107.35
P2012 0.00978 278.424 107.553 280.62 63.488 221.613 60.547 219.416 104.611
P2012 0.00948 326.244 107.57 328.553 62.16 282.902 59.839 280.593 105.249
P2012 0.003 418.987 43.044 419.836 21.517 406.865 21.005 406.016 42.532
P2012 0.00242 412.473 43.366 413.029 22.023 401.378 21.719 400.822 43.062
P2126 0.00104 165.32 1111.36 173.418 1000.178 42.006 990.607 33.908 1101.789
P1754 0.00668 2163.813 571.143 2166.256 465.144 2014.017 461.635 2011.574 567.634
P1754 0.00595 2339.853 733.835 2350.344 588.096 2253.64 581.135 2243.15 726.874
P1754 0.00288 2165.495 427.271 2166.765 254.772 2020.686 253.697 2019.416 426.196
P1754 0.00235 2377.093 567.141 2398.456 442.599 2331.076 431.041 2309.713 555.583
P2342 0.0155 1149.225 1784.212 1184.182 1776.823 1170.042 1709.923 1135.085 1717.312
P2342 0.00582 114.055 1763.817 139.25 1656.908 90.972 1645.531 65.777 1752.439
P2342 0.00454 1146.419 1754.051 1178.848 1744.647 1162.042 1686.692 1129.613 1696.096
P2342 0.00309 1575.041 563.177 1715.203 275.108 1541.722 190.7 1401.56 478.768
P2342 0.00196 1143.83 1679.279 1153.443 1651.931 1130.194 1643.759 1120.581 1671.107
P2342 0.00101 1152.176 1794.304 1185.009 1780.898 1162.63 1726.09 1129.798 1739.495
P1570 0.00371 3522.99 3836.814 3585.973 3810.818 3548.58 3720.221 3485.596 3746.217
P1570 0.00363 1160.936 1312.035 1237.301 1286.825 1193.768 1154.96 1117.403 1180.17
P1570 0.00354 3543.449 3873.445 3605.904 3821.942 3533.375 3733.99 3470.92 3785.494
P1570 0.00328 2233.177 1890.316 2315.256 1834.413 2242.882 1728.151 2160.803 1784.053
P1570 0.00261 2618.576 1916.562 2642.672 1857.944 2525.456 1809.761 2501.361 1868.379
P1570 0.00238 2711.74 3802.489 2809.852 3730.79 2732.35 3624.738 2634.238 3696.436
P1770 0.02171 523.468 3649.294 523.501 3512.627 449.519 3512.609 449.486 3649.276
P1770 0.01964 2800.076 4742.979 2889.092 4725.446 2870.531 4631.206 2781.515 4648.738
P1770 0.00987 1373.144 2340.54 1481.956 2287.667 1438.677 2198.598 1329.865 2251.471
P1770 0.00589 3270.83 377.11 3386.341 362.389 3377.59 293.725 3262.079 308.446
P1770 0.00489 2814.754 4491.289 2823.473 4384.116 2743.832 4377.637 2735.113 4484.81
P1770 0.0043 803.844 4042.399 850.63 3885.654 756.684 3857.613 709.898 4014.358
P1770 0.00371 3751.608 1067.13 3798.659 1025.519 3757.433 978.904 3710.383 1020.514
P1770 0.00366 1898.431 346.97 1960.257 317.764 1928.327 250.172 1866.501 279.378
P1770 0.00319 863.68 4817.888 983.029 4683.23 922.895 4629.932 803.546 4764.59
P1770 0.00306 220.307 1451.928 223.891 1404.646 171.522 1400.677 167.938 1447.958
P1770 0.00263 2166.672 351.348 2250.985 328.781 2236.057 273.007 2151.744 295.574
P1583 0.0172 3639.156 465.671 3692.927 400.046 3638.772 355.673 3585.0 421.298
P1583 0.01323 3955.143 569.796 3957.457 476.882 3888.817 475.173 3886.503 568.087
P1583 0.00913 3791.435 572.413 3807.949 469.59 3729.674 457.018 3713.159 559.841
P1583 0.00521 3825.879 604.159 3836.604 516.849 3777.197 509.552 3766.472 596.862
P1583 0.00342 3663.372 502.189 3708.2 434.478 3656.808 400.453 3611.979 468.164
P1583 0.00307 3737.952 642.761 3785.291 561.874 3722.052 524.863 3674.713 605.75
P1598 0.10718 2137.54 4821.871 2256.724 4770.196 2226.372 4700.191 2107.188 4751.866
P1598 0.0256 2152.361 4695.709 2232.321 4637.323 2192.479 4582.761 2112.52 4641.146
P1598 0.00654 2197.167 3222.821 2227.661 3100.895 2147.21 3080.774 2116.717 3202.7
P1598 0.00602 156.218 2977.599 173.946 2889.152 96.657 2873.66 78.929 2962.108
P1598 0.00569 872.198 2290.886 911.983 2215.554 839.35 2177.194 799.565 2252.526
P1598 0.00526 2133.949 4774.375 2237.148 4708.044 2198.909 4648.551 2095.71 4714.881
P1598 0.0044 2177.843 4693.734 2254.714 4634.381 2219.298 4588.512 2142.427 4647.865
P1598 0.00385 2076.994 4676.713 2134.719 4633.817 2102.836 4590.913 2045.111 4633.809
P1598 0.0037 851.751 2551.681 882.162 2485.112 834.89 2463.516 804.479 2530.086
P1598 0.00337 3319.547 2406.13 3411.794 2378.722 3375.455 2256.414 3283.208 2283.821
P1598 0.00315 2146.905 4864.948 2251.889 4822.593 2229.966 4768.255 2124.982 4810.61
P1596 0.01699 590.517 1989.359 649.162 1906.748 500.001 1800.859 441.355 1883.47
P1596 0.00663 1940.258 3511.149 2010.958 3397.888 1889.325 3321.962 1818.625 3435.223
P1596 0.00407 324.347 1213.976 351.832 1129.421 214.479 1084.775 186.994 1169.329
P1672 0.01364 1356.89 1067.849 1385.662 998.78 1343.16 981.075 1314.388 1050.143
P1672 0.00827 1599.011 945.222 1623.924 864.165 1558.003 843.904 1533.09 924.961
P1672 0.00738 1668.892 992.793 1693.979 923.694 1623.192 897.995 1598.105 967.093
P1672 0.00487 1584.142 941.787 1610.178 860.896 1535.65 836.908 1509.614 917.799
P1672 0.00472 1197.143 997.826 1222.944 934.388 1148.899 904.273 1123.098 967.711
P1672 0.00272 1650.351 1081.617 1668.312 1025.853 1567.849 993.493 1549.887 1049.257
P1672 0.00238 1417.719 1116.802 1442.858 1051.39 1402.406 1035.844 1377.267 1101.256
P1679 0.03927 168.245 4925.312 428.242 4865.386 403.315 4757.239 143.318 4817.166
P1679 0.02272 164.052 3648.083 166.207 3439.538 48.339 3438.319 46.184 3646.865
P1679 0.01198 3877.893 4220.116 3947.211 4210.037 3931.585 4102.574 3862.267 4112.653
P1679 0.00228 201.97 3387.332 209.788 3229.451 41.553 3221.121 33.736 3379.001
P1679 0.00199 3641.71 4853.82 3721.427 4838.288 3693.485 4694.878 3613.768 4710.41
P1679 0.00118 3769.891 4890.709 3967.263 4867.61 3956.905 4779.102 3759.533 4802.2
P1679 0.00101 1542.095 2589.456 1594.073 2433.783 1515.153 2407.432 1463.175 2563.105
P1919 0.07817 103.102 145.252 105.517 7.04 25.955 5.649 23.54 143.861
P1919 0.01208 103.23 224.096 107.426 5.92 12.403 4.092 8.207 222.268
P1919 0.00509 99.64 248.486 100.878 111.358 18.752 110.616 17.514 247.745
P1919 0.00298 70.004 247.771 71.092 -4.333 -14.375 -4.701 -15.462 247.402
P1919 0.00192 670.734 771.058 671.752 511.038 645.266 510.934 644.248 770.955
P2429 0.02232 1.059 2655.85 115.518 2645.473 108.868 2572.121 -5.591 2582.498
P2429 0.00418 1955.408 1658.571 2085.396 1359.264 1741.756 1210.022 1611.768 1509.329
P0518 0.00126 809.937 1039.119 857.251 1030.785 842.249 945.612 794.934 953.947
P1432 0.07632 1735.864 1158.96 1737.197 901.511 1592.15 900.76 1590.817 1158.209
P2194 0.95177 897.243 1792.425 912.351 1394.129 710.307 1386.465 695.2 1784.761
P2194 0.95005 328.513 1657.652 339.49 1262.488 142.217 1257.008 131.24 1652.172
P2194 0.80236 1686.804 1949.815 1681.437 1574.01 1423.819 1577.69 1429.187 1953.495
P2194 0.00303 1480.352 1648.03 1617.657 1635.778 1610.692 1557.718 1473.386 1569.969
P0844 0.0013 801.067 1091.595 915.078 855.129 684.233 743.828 570.222 980.294
P2449 0.01894 85.201 2142.478 91.267 2010.227 -0.415 2006.022 -6.481 2138.273
P2449 0.01334 562.298 2032.025 602.087 2015.123 577.008 1956.085 537.219 1972.988
P2408 0.38127 1168.786 1708.697 1248.149 1675.501 1186.557 1528.249 1107.194 1561.444
P2408 0.32802 1313.804 2158.986 1387.364 2125.026 1335.821 2013.381 1262.261 2047.341
P2408 0.24016 1235.921 2004.235 1326.518 1972.045 1268.341 1808.306 1177.744 1840.496
P2408 0.12369 1097.046 1549.955 1195.307 1513.474 1150.51 1392.811 1052.248 1429.292
P2408 0.10713 1751.114 1312.987 1806.088 1279.277 1769.305 1219.292 1714.332 1253.002
P2408 0.0904 1104.117 1844.713 1164.436 1815.3 1117.784 1719.626 1057.465 1749.038
P2408 0.06562 1236.473 1777.804 1289.356 1754.582 1253.401 1672.702 1200.518 1695.923
P2408 0.06023 1332.651 2221.823 1418.249 2186.301 1399.802 2141.85 1314.205 2177.372
P2408 0.05785 971.503 1528.498 1136.723 1461.37 1093.097 1353.995 927.877 1421.123
P2408 0.03966 1174.383 1809.08 1233.614 1778.959 1190.073 1693.34 1130.842 1723.462
P2408 0.03885 297.19 376.5 408.79 348.419 388.565 268.037 276.965 296.118
P2408 0.00921 1189.986 1789.779 1257.15 1758.022 1223.698 1687.272 1156.534 1719.03
P2408 0.00752 1108.323 1702.796 1137.736 1693.056 1112.039 1615.455 1082.626 1625.195
P2408 0.00663 1103.783 1708.821 1130.549 1700.61 1108.426 1628.502 1081.661 1636.713
P2408 0.00651 987.86 1484.638 1159.495 1412.941 1121.774 1322.642 950.14 1394.339
P2408 0.00596 1513.873 801.678 1570.727 779.732 1551.177 729.083 1494.322 751.028
P2408 0.00435 896.561 960.492 938.592 952.118 924.504 881.414 882.474 889.789
P2408 0.00272 616.263 484.987 726.944 442.088 657.953 264.09 547.272 306.989
P2408 0.00236 713.047 671.954 754.097 598.12 683.916 559.101 642.866 632.935
P2408 0.00227 1047.124 1450.547 1158.501 1399.13 1126.056 1328.848 1014.678 1380.266
P2408 0.0019 1180.302 1007.653 1259.05 981.281 1220.271 865.484 1141.523 891.856
P2408 0.0015 1095.696 929.731 1152.287 916.848 1132.473 829.81 1075.881 842.693
P2408 0.00137 1111.276 1636.883 1175.041 1607.043 1145.181 1543.235 1081.416 1573.074
P2408 0.00135 1596.394 2121.332 1661.31 2091.712 1648.92 2064.559 1584.005 2094.178
P2408 0.0013 1138.047 1711.778 1174.412 1698.336 1146.717 1623.414 1110.352 1636.857
P2408 0.00129 1537.166 796.111 1595.962 771.082 1577.005 726.548 1518.208 751.578
P2408 0.00129 881.647 960.541 919.667 952.305 905.608 887.4 867.588 895.636
P2408 0.00127 578.509 464.821 668.972 435.112 607.792 248.821 517.329 278.53
P2408 0.00123 1605.775 2164.211 1668.273 2134.947 1648.78 2093.317 1586.283 2122.581
P2408 0.00101 459.084 1335.407 459.544 1263.193 431.917 1263.017 431.457 1335.231
P2778 0.00142 499.044 3433.782 907.168 3215.061 506.034 2466.563 97.911 2685.285
P2093 0.00233 1245.755 218.847 1282.223 179.644 1208.369 110.942 1171.901 150.145
P2093 0.00187 1126.8 107.687 1182.737 42.144 1095.492 -32.315 1039.555 33.228
P0665 0.70347 644.292 888.671 1060.725 384.628 746.151 124.732 329.718 628.775
P0665 0.39749 102.8 1698.41 149.608 1499.09 24.227 1469.645 -22.581 1668.965
P0665 0.15796 187.287 1737.254 260.918 1542.908 32.564 1456.393 -41.067 1650.739
P0665 0.11122 624.329 872.619 822.725 629.751 567.263 421.068 368.867 663.935
P0665 0.08055 635.262 857.231 746.6 714.699 500.698 522.613 389.36 665.145
P0665 0.06901 326.741 1076.752 405.701 827.276 155.237 748.003 76.277 997.479
P0665 0.05627 1313.938 1729.081 1345.931 1423.258 895.565 1376.143 863.572 1681.967
P0665 0.00236 1257.255 1703.486 1258.46 1665.531 974.272 1656.514 973.068 1694.469
P0665 0.00126 202.606 1717.093 281.077 1597.719 195.532 1541.486 117.061 1660.86
P2011 0.85013 393.127 793.929 412.332 405.689 203.338 395.351 184.133 783.59
P2477 0.00198 1339.876 2014.457 1420.614 2001.903 1414.97 1965.604 1334.232 1978.157
P2504 0.43602 1324.128 489.425 1391.645 477.451 1369.551 352.869 1302.034 364.842
P2504 0.05665 1407.759 554.495 1511.5 536.528 1470.369 299.04 1366.628 317.007
P2504 0.02267 1246.463 634.275 1309.228 617.151 1291.541 552.322 1228.777 569.445
P2504 0.01799 1147.425 619.563 1234.19 603.347 1202.642 434.542 1115.877 450.757
P2504 0.0021 1255.378 480.342 1287.702 461.414 1262.838 418.953 1230.514 437.881
P2121 0.69921 300.914 861.735 525.382 833.355 472.204 412.747 247.736 441.126
P2121 0.41602 308.98 890.747 538.456 837.635 475.21 564.373 245.734 617.484
P2121 0.00195 454.74 860.781 539.261 853.592 498.818 378.129 414.298 385.318
P0199 0.00265 1059.867 573.048 1198.938 538.826 1176.275 446.727 1037.204 480.949
P0199 0.0016 1072.169 642.594 1207.423 622.433 1182.401 454.571 1047.147 474.732
P0402 0.09931 469.387 862.76 457.075 628.467 162.998 643.921 175.31 878.214
P0402 0.07151 187.783 855.337 181.964 672.694 -13.453 678.919 -7.634 861.563
P0402 0.04051 570.307 857.078 722.163 654.244 515.93 499.842 364.073 702.676
P2375 0.27438 835.009 679.686 940.429 639.749 881.604 484.472 776.184 524.409
P2375 0.00391 961.357 434.371 996.243 417.274 974.955 373.836 940.069 390.934
P2593 0.91176 615.223 551.319 849.087 512.351 785.47 130.558 551.605 169.526
P2593 0.90855 163.103 826.398 465.229 795.284 419.296 349.259 117.169 380.373
P2593 0.01232 648.261 561.654 803.769 547.551 796.685 469.437 641.177 483.54
P2593 0.00708 87.794 1149.454 91.359 937.821 -10.994 936.097 -14.56 1147.73
P2593 0.00403 127.97 77.905 187.612 66.631 173.461 -8.234 113.819 3.04
P2593 0.00222 269.142 70.764 366.78 64.048 362.511 1.982 264.873 8.698
P2768 0.32578 853.285 2061.037 847.403 1869.094 747.543 1872.155 753.425 2064.098
P2768 0.00682 35.976 319.326 74.746 311.305 56.924 225.157 18.154 233.178
P2768 0.00572 22.797 344.652 50.545 266.778 -1.283 248.311 -29.031 326.185
P2768 0.00477 126.581 194.233 157.953 180.391 127.592 111.581 96.221 125.422
P2768 0.00429 52.635 308.453 80.464 298.832 53.08 219.624 25.251 229.245
P2768 0.00289 92.731 219.259 124.475 203.584 86.759 127.206 55.015 142.881
P2768 0.00264 854.849 1658.675 896.512 1651.193 883.642 1579.517 841.979 1586.998
P2768 0.00242 648.753 2059.326 648.696 2016.634 559.301 2016.753 559.358 2059.445
P2768 0.00201 45.066 227.245 68.001 217.867 48.446 170.038 25.51 179.416
P2768 0.00161 242.821 417.393 266.421 405.621 251.795 376.3 228.195 388.073
P2768 0.00159 13.948 263.857 13.536 185.294 -13.948 185.439 -13.536 264.001
P2768 0.00132 106.11 157.319 142.458 140.148 126.304 105.951 89.955 123.121
P2768 0.00122 7.123 266.552 27.016 246.813 0.876 220.47 -19.017 240.209
P2768 0.00117 14.141 269.899 41.598 199.396 -5.912 180.894 -33.369 251.397
P2768 0.00114 25.814 279.216 39.752 212.321 -7.416 202.493 -21.353 269.389
P2768 0.0011 19.188 149.072 15.155 -0.157 -19.188 0.771 -15.155 150.0
P2768 0.00107 1.98 249.745 27.271 233.684 4.555 197.914 -20.735 213.975
P2768 0.00105 918.945 2094.489 917.779 1992.97 884.318 1993.354 885.484 2094.874
P2768 0.00104 13.296 285.195 11.607 211.966 -13.296 212.541 -11.607 285.769
P1878 0.00896 606.623 611.611 622.232 535.799 530.835 516.982 515.227 592.795
P1878 0.00204 52.456 641.24 54.351 258.533 -18.479 258.172 -20.374 640.88
P1878 0.00104 670.674 440.979 665.225 197.33 613.326 198.491 618.775 442.14
P2595 0.93693 176.962 1370.694 439.333 1331.101 377.917 924.118 115.547 963.71
P2595 0.91961 640.105 846.53 933.26 820.143 893.799 381.76 600.645 408.147
P2595 0.01213 883.444 1279.478 998.978 1263.85 966.185 1021.405 850.651 1037.033
P2595 0.00774 603.489 1682.777 803.751 1646.766 766.303 1438.514 566.041 1474.525
P0368 0.86909 367.709 1156.252 655.65 838.534 455.167 656.841 167.226 974.558
P0047 0.91669 480.623 637.077 498.849 286.654 283.282 275.442 265.057 625.865
P2580 0.95105 322.6 699.877 560.528 621.03 436.365 246.359 198.438 325.206
P2580 0.73511 835.692 1248.537 943.406 1148.185 801.191 995.536 693.477 1095.888
P2580 0.56575 523.528 1063.096 759.421 911.763 635.19 718.116 399.297 869.448
P2580 0.11817 414.129 1075.444 574.287 994.156 474.408 797.371 314.251 878.659
P2580 0.08271 390.002 1092.144 439.106 1065.074 382.122 961.706 333.018 988.776
P2580 0.01191 459.435 2136.593 863.304 1891.721 696.533 1616.664 292.663 1861.535
P2580 0.01014 639.169 983.223 761.693 927.202 672.907 733.018 550.383 789.039
P0242 0.00398 392.515 211.293 377.552 -9.041 -15.657 17.663 -0.694 237.997
P0242 0.00217 385.964 267.381 362.579 65.867 -14.159 109.586 9.226 311.1
