P1854 0.00522 5614.636 3844.979 5632.794 3637.731 5439.243 3620.772 5421.084 3828.02
P0964 0.00115 3179.025 1100.122 3200.318 1095.471 3189.587 1046.344 3168.294 1050.995
P2242 0.02675 1350.867 885.817 1351.315 845.353 1326.791 845.082 1326.343 885.546
P2242 0.02399 2087.885 1106.924 2090.152 1063.074 2060.207 1061.525 2057.939 1105.375
P2242 0.02232 1880.581 1078.222 1881.834 1037.78 1856.456 1036.994 1855.203 1077.436
P1122 0.00947 2829.102 1845.344 2937.502 1728.68 2788.333 1590.078 2679.933 1706.742
P1122 0.0019 1491.955 763.172 1514.578 678.408 1412.87 651.263 1390.248 736.028
P1122 0.00151 1350.129 779.637 1377.078 716.13 1300.417 683.6 1273.469 747.107
P2230 0.00177 358.644 564.79 421.825 433.34 310.702 379.929 247.521 511.379
P2271 0.00267 5823.067 466.518 5825.573 431.645 5771.156 427.736 5768.65 462.608
P2271 0.00173 2016.942 370.735 2018.519 333.81 1934.877 330.238 1933.301 367.164
P2271 0.00157 2282.83 401.23 2286.633 325.13 2182.911 319.947 2179.108 396.046
P2271 0.00155 2016.67 428.662 2018.656 389.198 1927.369 384.604 1925.383 424.068
P2271 0.00104 3097.716 370.202 3097.396 328.31 2996.12 329.084 2996.44 370.976
P0170 0.00413 426.016 979.951 429.98 940.376 400.847 937.457 396.882 977.032
P2239 0.00564 794.8 238.308 794.545 206.587 755.452 206.901 755.706 238.622
P2239 0.00104 173.125 443.761 173.501 429.335 152.354 428.784 151.978 443.21
P2236 0.05185 1129.815 489.792 1130.895 449.96 1094.054 448.961 1092.975 488.794
P2236 0.00746 123.962 788.24 139.876 737.284 91.63 722.216 75.716 773.172
P2220 0.00127 846.951 588.363 859.592 575.152 841.221 557.574 828.58 570.785
P0168 0.02308 1638.003 1275.326 1647.569 1232.607 1602.345 1222.479 1592.779 1265.198
P0168 0.01915 1663.894 1187.681 1674.526 1149.758 1633.337 1138.211 1622.706 1176.134
P0168 0.01597 1644.923 1258.082 1654.503 1219.762 1612.223 1209.192 1602.643 1247.512
P0168 0.0048 1617.1 1371.779 1624.121 1344.168 1585.885 1334.445 1578.864 1362.056
P0168 0.00429 1660.206 1223.11 1668.562 1193.141 1628.271 1181.907 1619.915 1211.876
P0168 0.0016 1641.615 1375.574 1650.392 1340.774 1606.433 1329.686 1597.656 1364.486
P0168 0.00114 1669.577 1131.611 1677.146 1084.396 1624.904 1076.021 1617.335 1123.236
P0168 0.00112 1701.324 1005.763 1710.932 964.653 1664.519 953.806 1654.911 994.916
P0168 0.0011 1266.92 1303.564 1272.006 1266.814 1240.534 1262.459 1235.448 1299.209
P2181 0.01815 1077.906 156.674 1139.205 50.077 1012.319 -22.888 951.02 83.709
P1476 0.01533 2532.968 123.011 2550.702 34.424 2448.986 14.061 2431.251 102.648
P1476 0.00608 2512.049 124.919 2550.002 90.495 2478.105 11.227 2440.152 45.65
P2709 0.01288 2979.379 815.876 2988.228 765.673 2949.092 758.775 2940.243 808.978
P2365 0.00168 17.683 108.334 21.338 2.066 -3.181 1.223 -6.836 107.49
P0173 0.00311 613.986 817.688 620.684 791.064 586.692 782.512 579.993 809.137
P0213 0.0051 219.206 618.929 240.954 588.924 226.643 578.551 204.895 608.556
P2802 0.00191 549.855 1104.542 558.235 1047.575 507.127 1040.057 498.747 1097.024
P2802 0.00163 362.445 521.764 398.669 505.839 374.929 451.834 338.704 467.759
P2802 0.00136 573.553 1242.135 583.468 1176.802 516.465 1166.634 506.55 1231.966
P1156 0.02194 585.64 1130.437 750.0 1060.294 623.677 764.291 459.318 834.434
P1156 0.00113 2718.826 760.338 2836.157 651.893 2686.059 489.495 2568.727 597.94
P1266 0.00103 1462.813 3537.777 1532.32 3474.455 1459.85 3394.905 1390.343 3458.227
P0217 0.00512 626.091 726.275 633.269 688.509 596.978 681.611 589.799 719.378
P1143 0.00894 2523.67 381.906 2549.896 295.87 2473.587 272.61 2447.361 358.645
P1143 0.00547 2664.015 818.849 2696.908 761.693 2638.308 727.969 2605.416 785.125
P1143 0.00256 2616.957 338.886 2637.9 280.938 2570.982 256.753 2550.038 314.7
P1143 0.00111 2818.131 864.331 2837.06 813.852 2787.263 795.179 2768.334 845.658
P0910 0.00197 2029.35 531.263 2033.274 514.053 1974.58 500.67 1970.656 517.88
P0910 0.00136 1446.684 55.921 1455.464 1.789 1428.517 -2.581 1419.738 51.551
P0910 0.00124 2067.607 525.32 2071.33 503.69 2049.081 499.861 2045.359 521.49
P1577 0.00127 4157.403 468.75 4172.26 402.205 4115.846 389.609 4100.989 456.154
P2351 0.00117 1148.615 1025.508 1152.163 1012.45 1121.385 1004.088 1117.837 1017.145
P1154 0.06789 442.133 3474.333 555.36 3321.712 372.437 3186.006 259.211 3338.627
P1154 0.02605 2029.048 2051.635 2066.531 1894.555 1906.311 1856.323 1868.829 2013.403
P1154 0.00139 1524.091 516.182 1686.862 442.703 1575.915 196.932 1413.144 270.411
P1154 0.00136 2976.318 1220.951 3020.075 1095.126 2882.336 1047.226 2838.579 1173.051
P1154 0.00127 2763.768 1421.408 2882.281 1293.091 2705.354 1129.683 2586.842 1258.0
P1720 0.00103 126.428 2769.024 132.248 2722.12 90.439 2716.932 84.618 2763.836
P1763 0.00126 458.336 2569.945 464.174 2470.366 391.543 2466.109 385.705 2565.687
P1601 0.00189 1187.01 1164.269 1199.608 1127.916 1169.898 1117.62 1157.3 1153.973
P1601 0.0017 904.908 1749.1 922.637 1707.669 876.319 1687.849 858.59 1729.28
P1601 0.00158 179.479 2442.427 194.961 2405.299 168.106 2394.101 152.624 2431.229
P1619 0.01514 2311.673 1046.702 2321.108 949.117 2249.432 942.187 2239.997 1039.772
P1619 0.00564 2163.32 716.184 2292.653 640.219 2270.257 602.089 2140.924 678.053
P1619 0.00351 826.209 3566.353 893.432 3406.033 760.962 3350.488 693.739 3510.808
P1619 0.00284 2648.911 512.737 2651.115 392.146 2523.564 389.815 2521.36 510.407
P1619 0.00255 875.473 3577.557 915.81 3480.437 847.975 3452.262 807.638 3549.382
P1647 0.00202 331.643 240.956 334.324 211.17 298.53 207.948 295.849 237.734
P1225 0.00145 2026.31 2216.448 2038.274 2086.345 1867.449 2070.636 1855.484 2200.738
P1210 0.01167 1459.597 3858.112 1479.744 3799.734 1430.43 3782.715 1410.283 3841.093
P1210 0.00873 1622.641 3930.167 1643.038 3883.7 1571.371 3852.24 1550.973 3898.707
P1210 0.00237 1689.098 3796.737 1717.168 3743.072 1691.323 3729.553 1663.253 3783.218
P1210 0.0011 2681.059 146.838 2698.883 111.985 2674.594 99.563 2656.769 134.416
P1356 0.00995 2339.567 741.528 2352.586 683.092 2301.074 671.616 2288.056 730.053
P1356 0.00309 2045.32 308.04 2050.408 261.067 1997.721 255.36 1992.632 302.333
P0259 0.00406 2210.084 1007.953 2211.828 984.981 2174.465 982.144 2172.72 1005.117
P1512 0.00814 816.894 702.17 892.536 568.128 749.708 487.527 674.065 621.569
P1512 0.00181 1141.559 547.475 1235.462 454.625 1110.15 327.892 1016.247 420.743
P0161 0.01035 1290.347 1272.8 1293.598 1227.387 1248.918 1224.188 1245.667 1269.601
P0161 0.00236 1072.593 1084.186 1074.51 1052.575 1045.874 1050.838 1043.956 1082.448
P0161 0.00136 659.394 913.174 670.8 886.639 647.204 876.496 635.798 903.031
P0161 0.00124 1129.846 976.109 1134.678 941.791 1103.529 937.406 1098.697 971.723
P1178 0.00284 1128.317 3085.27 1138.742 3018.354 1055.668 3005.411 1045.243 3072.327
P1178 0.00277 1312.714 3224.67 1319.236 3146.565 1234.755 3139.51 1228.233 3217.615
P1178 0.00249 1026.929 3058.996 1040.589 2987.908 951.784 2970.843 938.124 3041.931
P1178 0.00246 2249.454 3722.294 2266.069 3627.46 2168.171 3610.308 2151.556 3705.142
P1178 0.00241 1306.94 2774.839 1325.488 2666.21 1197.292 2644.322 1178.745 2752.951
P1178 0.00146 1951.668 478.903 1962.613 435.224 1928.462 426.667 1917.518 470.346
P1178 0.00145 594.194 3775.498 606.08 3712.018 541.184 3699.867 529.297 3763.346
P1178 0.0011 2663.847 3172.384 2673.711 3137.127 2636.957 3126.844 2627.093 3162.101
P1178 0.0011 1512.213 398.554 1529.174 312.712 1459.798 299.004 1442.836 384.846
P2754 0.00417 750.632 2921.263 757.803 2900.716 729.853 2890.962 722.683 2911.509
P1376 0.00391 2073.173 2682.424 2104.304 2617.96 2045.658 2589.638 2014.526 2654.102
P1376 0.00206 1227.69 2254.866 1237.349 2160.036 1145.566 2150.688 1135.908 2245.518
P1483 0.79084 806.054 1546.158 810.342 1407.528 684.774 1403.644 680.485 1542.273
P1483 0.69287 1055.259 1535.82 1058.872 1410.488 936.995 1406.975 933.382 1532.307
P2215 0.0015 565.245 508.574 569.786 489.362 552.355 485.242 547.814 504.454
P1584 0.00441 4011.477 1897.68 4135.025 1764.803 3917.894 1562.917 3794.346 1695.794
P1088 0.00194 834.341 139.122 841.497 106.22 801.541 97.53 794.385 130.432
P1088 0.00108 230.96 324.363 233.411 302.645 191.811 297.949 189.36 319.667
P2791 0.0117 2211.686 5657.799 2278.592 5519.493 2141.444 5453.148 2074.539 5591.454
P2791 0.00915 2970.411 2757.341 2995.362 2639.905 2874.205 2614.164 2849.253 2731.6
P2791 0.0084 4680.524 4458.018 4702.209 4380.372 4631.267 4360.559 4609.582 4438.204
P2791 0.00504 2244.778 5601.331 2312.503 5470.3 2189.171 5406.555 2121.447 5537.585
P2791 0.0039 2728.38 2635.026 2747.054 2500.052 2613.686 2481.601 2595.013 2616.575
P2791 0.00187 4492.646 4296.05 4521.856 4215.769 4443.655 4187.314 4414.444 4267.596
P2791 0.00145 1234.427 4631.053 1266.175 4588.052 1189.754 4531.63 1158.005 4574.631
P2791 0.00123 1664.351 3113.812 1695.832 2954.095 1546.166 2924.595 1514.686 3084.312
P2791 0.00106 1158.064 4716.021 1196.081 4659.681 1101.943 4596.158 1063.926 4652.498
P2791 0.00103 4946.106 4508.079 4964.905 4376.079 4851.907 4359.986 4833.108 4491.986
P2342 0.00121 678.389 2240.365 697.438 2230.313 691.57 2219.193 672.521 2229.245
P2231 0.05083 601.562 922.694 614.842 838.086 527.126 824.319 513.846 908.926
P2231 0.01597 484.0 588.566 483.948 542.315 464.165 542.337 464.217 588.588
P2231 0.0096 399.169 203.955 416.427 168.041 375.12 148.192 357.862 184.105
P2231 0.00806 542.66 575.11 542.951 539.735 525.335 539.59 525.045 574.965
P2231 0.00573 461.62 587.466 462.172 540.172 441.587 539.932 441.035 587.226
P2231 0.00494 521.769 574.88 521.676 539.099 505.598 539.14 505.691 574.922
P2231 0.00386 664.317 438.275 665.349 404.144 623.771 402.887 622.739 437.018
P2231 0.00371 427.542 579.999 427.741 538.977 405.724 538.87 405.525 579.893
P2231 0.00357 434.454 585.081 435.469 542.708 415.578 542.231 414.563 584.604
P0841 0.0029 2391.57 516.799 2404.809 487.231 2342.134 459.168 2328.894 488.737
P0841 0.00155 2337.054 355.572 2349.685 323.718 2313.417 309.337 2300.786 341.191
P0841 0.00144 2246.313 434.592 2258.162 416.069 2218.832 390.911 2206.983 409.434
P2408 0.00215 367.945 2190.194 372.753 2177.076 354.79 2170.493 349.983 2183.611
P2778 0.00389 129.764 130.469 134.934 98.422 102.835 93.244 97.665 125.291
P1149 0.84878 2658.084 647.888 2767.034 553.943 2636.19 402.2 2527.24 496.145
P1149 0.84715 2463.664 825.582 2578.325 722.259 2442.149 571.14 2327.488 674.464
P1149 0.84082 2234.308 992.328 2331.562 918.189 2229.437 784.224 2132.183 858.363
P1149 0.81963 1816.083 1360.089 1933.459 1269.221 1801.391 1098.626 1684.015 1189.494
P1149 0.79131 2067.422 1181.119 2172.841 1092.029 2054.187 951.628 1948.768 1040.718
P1149 0.7639 1221.326 2172.501 1218.17 2035.87 1103.584 2038.517 1106.74 2175.148
P1149 0.72038 1627.155 3954.314 1651.814 3744.528 1448.824 3720.668 1424.165 3930.454
P1149 0.65002 1532.206 1578.341 1651.133 1464.511 1517.431 1324.821 1398.504 1438.651
P1149 0.45843 1250.085 2373.151 1251.787 2191.437 1063.366 2189.673 1061.664 2371.386
P1149 0.20789 1209.115 2028.744 1215.384 1908.695 1117.58 1903.588 1111.311 2023.636
P1149 0.13436 1535.16 3611.335 1547.853 3297.57 1239.821 3285.108 1227.128 3598.873
P1149 0.0294 1228.288 2105.684 1231.897 1931.629 1113.128 1929.166 1109.519 2103.221
P1149 0.02017 1273.341 1856.68 1383.783 1749.6 1335.241 1699.534 1224.799 1806.614
P1149 0.00312 1327.057 2930.137 1407.035 2809.324 1275.603 2722.316 1195.625 2843.129
P1149 0.00226 1287.592 2062.421 1300.958 1921.463 1157.061 1907.819 1143.695 2048.777
P1149 0.00199 1270.88 1793.611 1374.007 1686.558 1327.12 1641.391 1223.993 1748.444
P1149 0.00162 1315.186 1842.379 1456.563 1707.111 1389.203 1636.709 1247.826 1771.977
P1149 0.0016 3111.831 240.801 3190.704 50.397 2983.472 -35.448 2904.599 154.956
P1149 0.00155 1287.806 2078.264 1297.12 1955.271 1195.674 1947.589 1186.36 2070.582
P1149 0.00141 2362.687 949.547 2413.494 879.414 2337.659 824.476 2286.851 894.608
P1149 0.00134 1829.922 4016.109 1895.768 3909.647 1747.609 3818.011 1681.763 3924.473
P1149 0.00118 2321.645 978.588 2380.17 868.621 2248.997 798.81 2190.471 908.777
P1149 0.00104 3008.847 209.614 3108.659 110.425 2978.859 -20.19 2879.047 79.0
P1147 0.40955 2123.03 4870.341 2173.797 4712.435 1988.051 4652.718 1937.284 4810.624
P1147 0.00409 1967.277 4708.116 2028.766 4647.388 1936.907 4554.38 1875.418 4615.108
P1147 0.00409 4052.136 4649.905 4062.112 4440.666 3851.558 4430.627 3841.582 4639.867
P0257 0.04518 546.274 102.072 548.596 63.435 513.785 61.343 511.462 99.98
P1513 0.03314 1640.356 3774.769 1662.196 3733.578 1620.669 3711.559 1598.829 3752.75
P1513 0.00891 2107.814 3703.813 2163.26 3645.181 2134.635 3618.11 2079.188 3676.743
P1513 0.00385 1305.478 2509.297 1355.883 2423.076 1306.711 2394.329 1256.305 2480.551
P1513 0.00175 494.912 525.02 512.64 479.618 476.041 465.328 458.313 510.729
P1513 0.00174 222.947 460.531 228.152 418.154 181.67 412.444 176.465 454.821
P0249 0.00536 980.147 940.174 984.203 909.785 951.586 905.432 947.531 935.822
P0249 0.00465 949.168 1116.098 957.462 1104.79 940.462 1092.321 932.167 1103.628
P0249 0.00409 310.663 706.274 322.708 683.091 299.741 671.159 287.696 694.342
P0249 0.00237 631.647 446.886 634.904 422.729 615.475 420.109 612.218 444.266
P0249 0.00221 282.979 1249.814 299.826 1233.558 279.533 1212.526 262.685 1228.781
P0249 0.00184 940.085 994.425 945.444 972.599 925.17 967.621 919.811 989.447
P0249 0.00175 810.94 1393.097 812.565 1370.996 781.398 1368.705 779.773 1390.806
P1492 0.02528 439.609 2264.407 469.164 2240.035 431.28 2194.095 401.726 2218.467
P1492 0.00233 548.388 2150.869 551.967 2035.816 458.794 2032.918 455.215 2147.971
P2027 0.00848 848.597 329.552 857.758 309.226 835.106 299.016 825.944 319.343
P2027 0.00629 796.941 376.95 801.682 354.614 780.191 350.052 775.45 372.389
P2027 0.00389 758.8 193.791 795.01 176.924 787.031 159.793 750.821 176.659
P1474 0.00128 1462.733 2084.475 1468.177 2027.452 1413.723 2022.253 1408.278 2079.276
P1508 0.84687 1054.139 2434.891 1062.125 2308.678 964.03 2302.471 956.044 2428.684
P1508 0.80258 722.872 1509.301 728.726 1383.66 635.264 1379.305 629.41 1504.946
P1508 0.76849 644.955 1030.497 714.359 997.682 657.053 876.48 587.649 909.295
P1508 0.73144 1061.985 1006.96 1128.291 979.426 1080.843 865.166 1014.537 892.701
P1508 0.62585 828.45 1005.764 896.086 987.281 865.957 877.029 798.322 895.512
P1508 0.5837 478.323 610.655 604.817 585.591 559.535 357.061 433.041 382.125
P1508 0.54086 1260.962 2405.989 1272.33 2296.862 1187.954 2288.073 1176.586 2397.199
P1508 0.46124 1121.211 2016.472 1133.96 1882.595 1054.987 1875.075 1042.238 2008.951
P1508 0.41297 1257.297 2841.722 1257.495 2750.474 1217.928 2750.388 1217.73 2841.636
P1508 0.34707 1046.506 2867.348 1105.113 2820.326 1042.779 2742.635 984.172 2789.656
P1508 0.34208 443.262 2031.674 447.475 1917.315 397.656 1915.479 393.442 2029.838
P1508 0.26048 904.255 939.209 945.264 924.727 920.72 855.225 879.711 869.707
P1508 0.2065 1335.699 2001.416 1335.55 1880.448 1255.019 1880.547 1255.168 2001.515
P1508 0.08769 1113.741 1513.401 1118.265 1397.371 1072.121 1395.572 1067.597 1511.602
P1508 0.01805 551.977 592.311 635.179 540.228 569.239 434.891 486.038 486.974
P1508 0.01605 668.981 539.533 679.35 475.742 622.757 466.543 612.388 530.334
P1508 0.01397 1438.326 2108.936 1452.574 2063.272 1394.908 2045.279 1380.659 2090.942
P1508 0.01054 1454.913 2160.411 1480.126 2118.563 1413.942 2078.688 1388.729 2120.536
P1508 0.00845 1082.362 1522.222 1085.531 1416.844 1031.423 1415.216 1028.254 1520.594
P1508 0.00814 1215.014 2833.606 1222.115 2741.315 1192.492 2739.036 1185.39 2831.327
P1508 0.00811 862.811 995.164 934.816 966.56 895.644 867.95 823.639 896.554
P1508 0.00416 1437.576 2136.087 1462.771 2081.359 1407.033 2055.699 1381.838 2110.428
P1508 0.00376 1547.596 2599.971 1545.397 2512.114 1480.457 2513.739 1482.656 2601.596
P1508 0.00171 718.935 441.824 725.402 385.997 674.99 380.158 668.523 435.985
P1508 0.00145 1455.701 2075.926 1491.929 2064.685 1473.34 2004.776 1437.112 2016.017
P1508 0.00144 1470.716 2095.74 1506.204 2070.642 1469.755 2019.102 1434.266 2044.2
P1508 0.00132 1233.382 2853.981 1242.992 2753.083 1204.918 2749.456 1195.308 2850.355
P1508 0.00115 1280.784 2856.537 1280.186 2773.159 1239.773 2773.449 1240.371 2856.827
P1508 0.00107 1464.885 2189.906 1494.77 2152.975 1431.966 2102.155 1402.082 2139.086
P1184 0.00482 1663.051 2024.279 1674.188 1970.92 1622.164 1960.061 1611.026 2013.42
P1184 0.00132 1363.135 2640.975 1382.672 2586.471 1314.326 2561.971 1294.789 2616.475
P1184 0.00119 1660.179 1694.696 1678.245 1614.979 1601.791 1597.653 1583.725 1677.37
P1184 0.00117 1516.211 914.997 1527.032 834.599 1442.755 823.257 1431.934 903.655
P1184 0.00103 2061.155 1273.188 2102.121 1144.784 2055.086 1129.778 2014.121 1258.182
